>CP000829
+1 +2 +2 +3 +4 +5 +2 +6 +7 +8 +9 +10 +11 +12 +13 +14 +15 +16 +17 +2 +18 +19 +20 +21 +22 +23 +24 +25 +26 +27 +28 +29 +30 +31 +32 +33 +34 +35 +36 +37 +38 +39 +40 +41 +42 +43 +44 +45 +46 +47 +48 +49 +50 +51 +52 +53 +54 +55 +56 +57 +58 +59 +60 +61 +62 +63 +64 +65 +66 +67 +68 +69 +70 +71 +72 +73 +74 +75 +76 +77 -2 +78 +79 +80 +81 +82 +83 +84 +85 +86 +87 +88 +89 +90 +91 +92 +93 +94 -2 +95 +96 +97 +98 +99 +100 +101 +102 +103 +104 +105 +106 +107 +108 +109 +110 +111 +112 +113 +114 +115 $
>AM295007
+1 +2 +2 +3 +4 +5 +2 +6 +7 +8 +9 +10 +11 +12 +13 +14 +15 +16 +17 +2 -94 -93 -88 -87 -86 -85 -84 -83 -82 -81 -80 -79 -78 +2 +116 -77 -76 -74 +117 -73 -72 -71 -70 -69 -68 -67 -66 -65 -64 -63 -62 -61 -60 -59 -58 -56 -55 -54 -53 -52 -50 -49 -48 -47 -46 -45 -44 -43 -42 -41 -40 -39 -38 -37 -36 -35 +118 -34 -33 -32 -31 -30 -29 -28 -27 -26 -25 -24 -23 -22 -21 -20 -19 -18 -2 +95 +96 +97 +98 +99 +100 +101 +102 +103 +104 +105 +106 +107 +108 +109 +110 +111 +112 +113 +114 +115 $
>CP008695
+1 +2 +3 +4 +5 +2 +6 +7 +33 +34 -118 +35 +36 +37 +38 +39 +40 +41 +42 +43 +44 +45 +46 +47 +48 +49 -73 -72 -71 -70 -69 -68 -67 -66 -65 -64 -63 -118 -62 +119 -61 -60 -59 -58 -56 -55 -54 -53 -52 -50 -117 +74 +76 +77 -2 +78 +79 +80 +81 +82 +83 +84 +85 +86 +87 +88 +93 +94 -2 -17 -16 -15 -14 -13 -12 -11 -10 -8 -32 -31 -30 -29 -28 -27 -26 -25 -24 -23 -22 -21 -20 -19 -18 -2 +95 +96 +97 +98 +99 +100 +101 +102 +103 +104 -114 -113 -112 -111 -110 -109 -108 -107 -106 -105 +115 $
>CP013839
+1 +2 +3 +4 +5 +2 +6 +7 +8 +9 +10 +11 +12 +13 +14 +15 +16 +17 +2 +18 +19 +20 +21 +22 +23 +24 +25 +26 +27 +28 +29 +30 +31 +32 +33 +34 +35 +36 +37 +38 +39 +40 +41 +42 +43 +44 +45 +46 +47 +50 +51 +52 +53 +120 +121 +54 +55 +56 +57 +58 +59 +60 +61 +62 +63 +122 +64 +65 +66 +67 +68 +69 +70 +71 +72 +73 +74 +75 +76 +77 -2 +78 +79 +80 +81 +82 +83 +84 +85 +86 +87 +88 +93 +94 -2 +95 +96 +97 +98 +99 +100 +101 +102 +103 +104 +105 +106 +107 +108 +109 +110 +111 +112 +113 +114 +115 $
>CP013838
+1 +2 +3 +4 +5 +2 +6 +7 +8 +9 +10 +11 +12 +13 +14 +15 +16 +17 +2 +18 +19 +20 +21 +22 +23 +24 +25 +26 +27 +28 +29 +30 +31 +32 +33 +34 +123 +116 +35 +36 +123 +116 +37 +38 +39 +40 +41 +42 +43 +44 +45 +46 +47 +50 +51 +52 +53 +120 +121 +54 +55 +56 +57 +58 +59 +60 +61 +62 +63 +64 +65 +66 +67 +68 +69 +70 +71 +72 +73 +74 +75 +76 +77 -2 +78 +79 +80 +81 +82 +83 +84 +85 +86 +87 +88 +93 +94 -2 +95 +96 +97 +98 +99 +100 +101 +102 +103 +104 +105 +106 +107 +108 +109 +110 +111 +112 +113 +114 +115 $
>CP007560
+1 +2 +2 +3 +4 +5 +2 +6 +7 +8 +9 +10 +11 +12 +13 +14 +15 +16 +17 +2 +18 +19 +20 +21 +22 +23 +24 +25 +26 +27 +28 +124 +125 +29 +30 +31 +32 +33 +34 +117 -73 -72 -71 -70 -69 -68 -67 -66 -65 -64 -122 -63 +126 -91 -90 -89 -62 -61 -60 -59 -58 -57 -56 -55 -54 -121 -120 -53 -52 -50 -47 -46 -45 -44 -43 -42 -41 -40 -39 -38 -37 -116 -123 -36 -35 +118 +74 +76 +77 -2 +78 +79 +80 +81 +82 +83 +84 +85 +86 +87 +88 +93 +94 -2 +95 +96 +97 +98 +99 +100 +101 +102 +103 +104 +105 +106 +107 +108 +109 +110 +111 +112 +113 +114 +115 $
>AFRY01000001
+1 +2 +2 +3 +4 +5 +2 +6 +7 +8 +9 +10 +11 +12 +13 -101 -100 -99 -98 -97 -96 -95 +2 -94 -93 -88 -87 -91 -90 -89 -86 -85 -84 -83 -82 +48 +49 -81 -80 -79 -78 +2 -77 -76 -75 -74 -73 -72 -71 -70 -69 -68 -67 +127 +128 +129 +130 +131 -66 -65 -64 -63 -62 -61 -60 -59 -57 -56 -55 -54 -121 -120 -53 -52 -51 -50 +89 +90 +91 -47 -46 -45 -44 -43 -42 -41 -40 -39 -38 -37 -36 -35 -34 -33 -32 -31 -30 -29 -28 -27 -26 -25 -24 -23 -22 -21 -20 -19 -18 -2 -17 -16 -15 -14 +102 +103 +104 +105 +106 +107 +108 +109 +110 +111 +112 +113 +114 +115 $
>CP013840
+1 +2 +3 +4 +5 +2 +6 +7 +8 +9 +10 +11 +12 +13 +14 +15 +16 +17 +2 +18 +19 +20 +21 +22 +23 +24 +25 +26 +27 +28 +29 +30 +31 +32 +33 +34 +123 +35 +36 +37 +38 +39 +40 +41 +42 +43 +44 +45 +46 +47 +50 +51 +52 +53 +120 +121 +54 +55 +56 +57 +58 +59 +60 +61 +62 +63 +122 +64 +65 +66 +67 +68 +69 +70 +71 +72 +73 +74 +75 +76 +77 -2 +78 +79 +80 +81 +82 +83 +84 +85 +86 +87 +88 +93 +94 -2 +95 +96 +97 +98 +99 +100 +101 +102 +103 +104 +105 +106 +107 +108 +109 +110 +111 +112 +114 +115 $
>AE014074
+1 +2 +2 +3 +4 +5 +2 +6 +7 +8 +9 +10 +11 +12 +13 +14 +15 +16 +17 +2 +18 +19 +20 +21 +22 +23 +24 +25 +26 +27 +28 +29 +30 +31 +32 +33 +34 +35 +36 +37 +38 +39 +40 +41 +42 +43 +44 +45 +46 +47 +50 +51 +132 +52 +53 +54 +55 +56 +58 +59 +60 +61 +62 +118 +63 +64 +65 +66 +67 +68 +69 +70 +71 +72 +73 -117 +74 -116 +76 +77 +133 +134 -2 +78 +79 -49 -48 +80 +81 +82 +83 +84 +85 +86 +87 +88 +93 +94 -2 +95 +96 +97 +98 +99 +100 +101 +102 +103 +104 +105 +106 +107 +108 +109 +110 +111 +112 +113 +114 +115 $
>CP007562
+1 +2 +2 +3 +4 +5 +2 +6 +7 +8 +9 +10 +11 +12 +13 +14 +15 +16 +17 +2 -94 -93 -88 -87 -86 -85 -84 -83 -82 -81 -80 -79 -78 +2 -77 -76 -74 -73 -72 -71 -70 -69 -68 -67 -66 -65 -64 -63 +126 -89 -62 -61 -60 -59 -58 -56 -55 -54 -53 -52 -51 -50 -47 -46 -45 -44 -43 -42 -41 -40 -39 -38 -37 -36 -35 -34 -33 -32 -31 -30 -29 -28 -27 -26 -25 -24 -23 -22 -21 -20 -19 -18 -2 +95 +96 +97 +98 +99 +100 +101 +102 +103 +104 +105 +106 +107 +108 +109 +110 +111 +112 +113 +114 +115 $
>CP011415
+1 +2 +2 +3 +4 +5 +2 +6 +7 +8 +10 +11 +12 +13 +14 +15 +16 +17 +2 +18 +19 +20 +21 +22 +23 +24 +25 +26 +27 +28 +29 +30 +31 +32 +33 +34 +35 +36 +37 +38 +39 +40 +41 +42 +43 +44 +45 +46 +135 +47 +50 +52 +53 -67 -66 -65 -64 -63 -62 +119 -61 -60 -59 -58 -56 -55 -54 +68 +69 +70 +71 +72 +73 -117 +74 +76 +77 -116 -2 +78 +79 +80 +81 +82 +83 +84 +85 +86 -49 -48 +87 +88 +93 +94 -2 +95 +96 +97 +98 +99 +100 +101 +102 +103 +104 +105 +106 +107 +108 +109 +110 +111 +112 +113 +114 +115 $
>CP008926
+56 +58 +59 +60 +61 +62 +63 +64 +65 +66 +67 +68 +69 +70 +71 +72 +73 +118 +74 +76 +77 -2 +78 -132 +79 +80 +81 +82 +83 +84 +85 +86 +87 +88 +89 +90 +91 +92 +93 +94 -2 +95 +96 +97 +98 +99 +100 +101 +102 +103 +104 +105 +106 +107 +108 +109 +110 +111 +112 +113 +114 +115 +1 +2 +2 +3 +4 +5 +2 +6 +7 +8 +9 +10 +11 +12 +13 +14 +15 +16 +17 +2 +18 +19 +20 +21 +22 +23 +24 +25 +26 +27 +28 +124 +125 +29 +30 +31 +32 +33 +34 +35 +36 +37 +38 +39 +40 +41 +42 +43 +44 +45 +46 +47 +50 +51 +52 +53 +54 +55 $
>AE009949
+1 +2 +2 +3 +4 +5 +2 +6 +7 +8 +9 +10 +11 +12 +13 +14 +15 +16 +17 +2 +18 +19 +132 +20 +21 +22 +23 +24 +25 +26 +27 +28 +124 +125 +29 +30 +31 +32 +33 +34 -118 +35 +36 +37 +38 +39 +40 +41 +42 +43 +44 +45 +46 +47 +50 +52 +53 +54 +55 +56 +58 +59 +60 +61 +62 +89 +90 +91 -126 +63 +64 +65 +66 +67 +68 +69 +70 +71 +72 +73 -117 +74 +76 +77 -2 +78 +79 +80 +81 +82 -116 +83 +84 +85 +86 +87 +88 +93 +94 -2 +95 +96 +97 +98 +99 +100 +101 +102 +103 +104 +105 +106 +107 +108 +109 +110 +111 +112 +113 +114 +115 $
>CP000003
+1 +2 +2 +3 +48 +49 +4 +5 +2 +6 +7 +8 +10 +11 +12 +13 +14 +15 +16 +17 +2 +18 +19 +20 +21 +22 +23 +24 +25 +26 +27 +28 +29 +30 +31 +32 +33 +34 +35 +36 +37 +38 +39 +40 +41 +42 +43 +44 +45 +46 +135 +47 +50 +52 +53 +54 +55 +56 +58 +59 +60 -119 +62 +118 +63 +64 +65 +66 +67 +68 +69 +70 +71 +72 +73 -117 +74 +76 +77 -116 -2 +78 +79 +80 +81 +82 +83 +84 +85 +86 +89 +91 +87 +88 +93 +94 -2 +95 +96 +97 +98 +99 +100 +101 +102 +103 +104 +105 +106 +107 +108 +109 +110 +111 +112 +113 +114 +115 $
>CP014027
-47 -46 -45 -44 -43 -42 -41 -40 -39 -38 -37 -36 -35 -34 -33 -32 -31 -30 -29 -28 -27 -26 -25 -24 -23 -22 -21 -20 -19 -18 -2 +95 +96 +97 +98 +99 +100 +101 -15 -14 -13 -12 -11 -10 +136 -8 -7 -6 -2 -5 -4 -3 -2 -2 -1 -115 -114 -113 -112 -111 -110 -109 -108 -107 -106 -105 -104 -103 -102 +16 +17 +2 -94 -93 -88 -87 -86 -85 -84 -83 -82 +48 +49 -81 -80 -79 -78 +2 -77 -76 -75 -74 +117 -73 -72 -71 -70 -69 -68 -67 -66 -65 -64 -122 -63 -134 -133 -62 -61 -60 -59 -58 -57 -56 -55 -54 -121 -120 -53 -52 -51 -50 $
>CP011535
+1 +2 +2 +3 +4 +5 +2 +6 +7 +8 +9 +10 +11 +12 +13 +14 +15 +16 +17 +2 -94 -93 +137 -88 -87 -86 -85 -84 -83 -82 -81 -80 -79 -78 +2 -77 +138 -76 -75 +116 -74 -73 -72 -71 -70 -69 -68 -67 +139 -66 -65 -64 -122 -63 +126 -91 -90 -89 -62 -61 -60 -59 -58 -57 -56 -55 -54 -121 -120 -53 -52 -51 -50 -47 -46 -45 -44 -43 -42 -41 -40 -39 -38 -37 -36 -35 -34 -33 -32 -31 -30 -29 -28 -27 -26 -25 -24 -23 -22 -21 -20 -19 -18 -2 +95 +96 +97 +98 +99 +100 +101 +102 +103 +104 +105 +106 +107 +108 +109 +110 +111 +140 +112 +113 +114 +115 $
>CP007240
+1 +2 +2 +3 +4 +5 +2 +6 +7 +8 +9 +10 +11 +12 +13 +14 +15 +16 +17 +2 +18 +19 +20 +21 +22 +23 +24 +25 +26 +27 +28 +29 +30 +31 +32 +33 +34 +35 +36 +37 +38 +39 +40 +41 +42 +43 +44 +45 +46 +47 +50 +51 +52 +53 +54 +55 +56 +58 +59 +60 +61 +62 -126 +63 +64 +65 +66 +67 +68 +69 +70 +71 +72 +73 +74 +76 +77 -2 +78 +79 +80 +81 +82 +83 +84 +85 +86 +87 +88 +93 +94 -2 +95 +96 +97 +98 +99 +100 +101 +102 +103 +104 +105 +106 +107 +108 +109 +110 +111 +112 +113 -131 -130 +114 +115 $
>HG316453
+1 +2 +2 +3 +4 +5 +2 +6 +7 +8 +9 +10 +11 +12 +13 +14 +15 +16 +17 +2 +18 +19 +20 +21 +22 +23 +24 +25 +26 +27 +28 +29 +30 +31 +32 +33 +34 +35 +36 +37 +38 +39 +40 +41 +42 +43 +44 +45 +46 +47 +50 +51 +52 +53 +120 +121 +54 +55 +56 +57 +58 +59 +60 +61 +62 +63 +122 +64 +65 +66 +67 +68 +69 +70 +71 +72 +73 +74 +75 +76 +77 -2 +78 +79 +80 +81 +82 +83 +84 +85 +86 +87 +88 +93 +94 -2 +95 +96 +97 +98 +99 +100 +101 +102 +103 +104 +105 +106 +107 +108 +109 +110 +111 +112 +113 +114 +115 $
>AP014572
+1 +2 +2 +3 +4 +5 +2 +6 +7 +8 -136 +10 +11 +12 +13 +14 +15 +16 +17 +2 +18 +19 +20 +21 +22 +23 +24 +25 +26 +27 +28 +29 +30 +31 +32 +33 +34 +35 +36 +37 +38 +39 +40 +41 +42 +43 +44 +45 +46 +47 +50 +51 +52 +53 +120 +121 +54 +55 +56 +57 +58 +59 +60 +61 +62 +63 +122 +64 +65 +66 +67 +68 +69 +70 +71 +72 +73 +74 +75 +76 +77 -2 +78 +79 +80 +81 +82 +83 +84 +85 +86 +87 +88 +93 +94 -2 +95 +96 +97 +98 +99 +100 +101 +102 +103 +104 +105 +106 +107 +108 +109 +110 +111 +112 +113 +114 +115 $
>AE004092
+1 +2 +2 +3 +4 +5 +2 +6 +7 +8 -136 +10 +11 +12 +13 +14 +15 +16 +17 +2 +18 +19 +20 +21 +22 +23 +24 +25 +26 +27 +28 +29 +30 +31 +32 +33 +34 +123 +116 +35 +36 +37 +38 +39 +40 +41 +42 +43 +44 +45 +46 +47 -91 -90 -89 +50 +51 +52 +53 +120 +121 +54 +55 +56 +57 +58 +59 +60 +61 +62 +63 +122 +64 +65 +66 +67 +68 +69 +70 +71 +72 +73 -117 +74 +75 +76 +77 -2 +78 +79 +80 +81 +82 +83 +84 +85 +86 +87 +88 +93 +94 -2 +95 +96 +97 +98 +99 +100 +101 +102 +103 +104 +105 +106 +107 +108 +109 +110 +111 +112 +113 +114 +115 $
>CP003901
+1 +2 +2 +3 +4 +5 +2 +6 +7 +8 -136 +10 +11 +12 +13 +14 +15 +16 +17 +2 +18 +19 +20 +21 +22 +23 +24 +25 +26 +27 +28 +29 +30 +31 +32 +33 +34 +35 +36 +37 +38 +39 +40 +41 +42 +43 +44 +45 +46 +47 +50 +51 +52 +53 +120 +121 +54 +55 +56 +57 +58 +59 +60 +61 +62 +133 +134 +63 +122 +64 +65 +66 +67 +68 +69 +70 +71 +72 +73 -117 +74 +75 +76 +77 -2 +78 +79 +80 +81 -49 -48 +82 +83 +84 +85 +86 +87 +88 +93 +94 -2 +95 +96 +97 +98 +99 +100 +101 +102 +103 +104 +105 +106 +107 +108 +109 +110 +111 +112 +113 +114 +115 $
>CP010450
+1 +2 +2 +3 +4 +5 +2 +6 +7 +8 +9 +10 +11 +12 +13 +14 +15 +16 +17 +2 +18 +19 +20 +21 +22 +23 +24 +25 +26 +27 +28 +124 +125 +29 +30 +31 +32 +33 +34 +35 +36 +37 +38 +39 +40 +41 +42 +43 +44 +45 +46 +47 +50 +51 +52 +53 +54 +55 +56 +58 +59 +60 +61 +62 +89 +90 +91 -126 +63 +64 +65 +66 +67 +68 +69 +70 +71 +72 +73 +74 +76 +77 -2 +78 +79 +80 +81 -49 -48 +82 +83 +84 +85 +86 +87 +88 +93 +94 -2 +95 +96 +97 +98 +99 +100 +101 +102 +103 +104 +105 +106 +107 +108 +109 +110 +111 +112 +113 +114 +115 $
>CP000261
+1 +2 +2 +3 +4 +5 +2 +6 +7 +8 +9 +10 +11 +12 +13 +14 +15 +16 +17 +2 +18 +19 +20 +21 +22 +23 +24 +25 +26 +27 +28 +29 +30 +31 +32 +33 +34 +123 +116 +35 +36 +37 +38 +39 +40 +41 +42 +43 +44 +45 +46 +47 +50 +51 +52 +53 +120 +121 +54 +55 +56 +57 +59 +60 +61 +62 +63 +64 +65 +66 +67 +68 +69 +70 +71 +72 +73 +74 +75 +76 +77 -2 +78 +79 +80 +81 -49 -48 +82 +83 +84 +85 +86 +87 +88 +93 +94 -2 +95 +96 +97 +98 +99 +100 +101 +102 +103 +104 +105 +106 +107 +108 +109 +110 +111 +112 +113 +114 +115 $
>CP000056
+1 +2 +2 +3 +4 +5 +2 +6 +7 +8 +9 +10 +11 +12 +13 +14 +15 +16 +17 +2 +18 +19 +20 +21 +22 +23 +24 +25 +26 +27 +28 +29 +30 +31 +32 +33 +34 +35 +36 +37 +38 +39 +40 +41 +42 +43 +44 +45 +46 +47 +50 +51 +52 +53 +120 +121 +54 +55 +56 +57 +58 +59 +60 +61 +62 +89 +90 +91 -126 +63 +122 +64 +65 +66 -139 +67 +68 +69 +70 +71 +72 +73 +74 -116 +75 +76 -138 +77 -2 +78 +79 +80 +81 +82 +83 +84 +85 +86 +87 +88 -137 +93 +94 -2 +95 +96 +97 +98 +99 +100 +101 +102 +103 +104 +105 +106 +107 +108 +109 +110 +111 +140 +112 +113 +114 +115 $
>CP000260
+1 +2 +2 +3 +4 +5 +2 +6 +7 +8 +10 +11 +12 +13 +14 +15 +16 +17 +2 +18 +19 +20 +21 +22 +23 +24 +25 +26 +27 +28 +29 +30 +31 +32 +33 +34 -118 +35 +36 +37 +38 +39 +40 +41 +42 +43 +44 +45 +46 +47 -134 -133 +50 +51 +52 +53 +120 +121 +54 +55 +56 +57 +58 +59 +60 +61 +62 +63 +122 +64 +65 +66 +67 +141 +68 +69 +70 +71 +72 +73 +74 -116 +75 +76 -138 +77 -2 +78 +79 +80 +81 +82 +83 +84 +85 +86 +87 +88 -137 +93 +94 -2 +95 +96 +97 +98 +99 +100 +101 +102 +103 +104 +105 +106 +107 +108 +109 +110 +111 +140 +112 +113 +114 +115 $
>CP006366
+1 +2 +2 +3 +4 +5 +2 +6 +7 +8 +9 +10 +11 +12 +13 +14 +15 +16 +17 +2 +18 +19 +20 +21 +22 +23 +24 +25 +26 +27 +28 +124 +125 +29 +30 +31 +32 +33 +34 +35 +36 +37 +38 +39 +40 +41 +42 +43 +44 +45 +46 +47 +50 +52 +53 +54 +55 +56 +58 +59 +60 +61 +62 +89 +90 +91 -126 +63 +64 +65 +66 +67 +68 +69 +70 +71 +72 +73 -117 +74 +76 +77 -2 +78 +79 +80 +81 +82 +83 +84 +85 +86 -116 +87 +88 +93 +94 -2 +95 +96 +97 +98 +99 +100 +101 +102 +103 +104 +105 +106 +107 +108 +109 +110 +111 +112 +113 +114 +115 $
>CP000259
+1 +2 +2 +3 +4 +5 +2 +6 +7 +8 +9 +10 +11 +12 +13 +14 +15 +16 +17 +2 +18 +19 +20 +21 +22 +23 +24 +25 +26 +27 +28 +29 +30 +31 +32 +33 +34 -118 +35 +36 +37 +38 +39 +40 +41 +42 +43 +44 +45 +46 +47 -91 -90 -89 +50 +51 +52 +53 +120 +121 +54 +55 +56 +57 +59 +60 +61 +62 +63 +64 +65 +66 +67 +68 +69 +70 +71 +72 +73 +74 +75 +76 +77 -2 +78 +79 +80 +81 -49 -48 +82 +83 +84 +85 +86 +87 +88 +93 +94 -2 +95 +96 +97 +98 +99 +100 +101 +102 +103 +104 +105 +106 +107 +108 +109 +110 +111 +112 +113 +114 +115 $
>CP014139
+1 +2 +2 +3 +4 +5 +2 +6 +7 +8 +9 +10 +11 +12 +13 +14 +15 +16 +17 +2 -94 -93 +137 -88 -87 -86 -85 -84 -83 -82 -81 -80 -79 -78 +2 -77 +138 -76 -75 -74 -73 -72 -71 -70 -69 -68 -67 +139 +127 +128 +129 +142 -66 -65 -64 -122 -63 +126 -91 -90 -89 -62 -61 -60 -59 -58 -57 -56 -55 -54 -121 -120 -53 -52 -51 -50 -47 -46 -45 -44 -43 -42 -41 -40 -39 -38 -37 -36 -35 -34 -33 -32 -31 -30 -29 -28 -27 -26 -25 -24 -23 -22 -21 -20 -19 -18 -2 +95 +96 +97 +98 +99 +100 +101 +102 +103 +104 +105 +106 +107 +108 +109 +110 +111 +140 +112 +113 +114 +115 $
>AP014585
+1 +2 +2 +3 +4 +5 +2 +6 +7 +8 -136 +10 +11 +12 +13 +14 +15 +16 +17 +2 +18 +19 +20 +21 +22 +23 +24 +25 +26 +27 +28 +29 +30 +31 +32 +33 +34 +35 +36 +37 +38 +39 +40 +41 +42 +43 +44 +45 +46 +47 +50 +51 +52 +53 +120 +121 +54 +55 +56 +57 +58 +59 +60 +61 +62 +63 +122 +64 +65 +66 +67 +68 +69 +70 +71 +72 +73 +74 +75 +76 +77 -2 +78 +79 +80 +81 +82 +83 +84 +85 +86 +87 +88 +93 +94 -2 +95 +96 +97 +98 +99 +100 +101 +102 +103 +104 +105 +106 +107 +108 +109 +110 +111 +112 +113 +114 +115 $
>CP007537
+1 +2 +3 +4 +5 +2 +6 +7 +8 -136 +10 +11 +12 +13 +14 +15 +16 +17 +2 -94 -93 -88 -87 -86 -85 -84 -83 -82 -81 -80 -79 -78 +2 +116 -77 -76 -75 -74 +117 -73 -72 -71 -70 -69 -68 -67 -66 -65 -64 -122 -63 -134 -133 -62 -61 -60 -59 -58 -57 -56 -55 -54 -121 -120 -53 -52 -132 -51 -50 -47 -46 -45 -44 -43 -42 -41 -40 -39 -38 -37 -36 -35 +118 -34 -33 -32 -31 -30 -29 -28 -27 -26 -25 -24 -23 -22 -21 -20 -19 -18 -2 +95 +96 +97 +98 +99 +100 +101 +102 +103 +104 +105 +106 +107 +108 +109 +110 +111 +112 +113 +114 +115 $
>CP007241
+1 +2 +2 +3 +4 +5 +2 +6 +7 +8 +9 +10 +11 +12 +13 +14 +15 +16 +17 +2 +18 +19 +20 +21 +22 +23 +24 +25 +26 +27 +28 +29 +30 +31 +32 +33 +34 +35 +36 +37 +38 +39 +40 +41 +42 +43 +44 +45 +46 +47 -118 +50 +51 +52 +53 +120 +130 +131 +121 +54 +55 +56 +58 +59 +60 +61 +62 +63 +64 +65 +66 +67 +68 +69 +70 +71 +72 +73 +74 +75 +76 +77 -2 +78 +79 +80 +81 +82 +83 +84 +85 +86 +87 +88 -137 +93 +94 -2 +95 +96 +97 +98 +99 +100 +143 +101 +102 +103 +104 +105 +106 +107 +108 +109 +110 +111 +112 +113 +114 +115 $
>CP003121
+1 +2 +3 +4 +5 +2 +6 +7 +8 +9 +10 +11 +12 +13 +14 +15 +16 +17 +2 +18 +19 +20 +21 +22 +23 +24 +25 +26 +27 +28 +29 +30 +31 +32 +33 +34 +35 +36 +37 +38 +39 +40 +41 +42 +43 +44 +45 +46 +47 +50 +51 +52 +53 +54 +55 +56 +57 +58 +59 +60 +61 -119 +62 +63 +64 +65 +66 +67 +68 +69 +70 +71 +72 +73 +118 +74 +144 +76 +77 -2 +78 +79 +80 +81 +82 +83 +84 +85 +86 +87 +88 -137 +93 +94 -2 +95 +96 +97 +98 +99 +100 +101 +102 +103 +104 +105 +106 +107 +108 +109 +110 +111 +112 +113 +114 +115 $
>CP011068
+1 +2 +2 +3 +4 +5 +2 +6 +7 +8 +9 +10 +11 +12 +13 +14 +15 +16 +17 +2 +18 +19 +20 +21 +22 +23 +24 +25 +26 +27 +28 +29 +30 +31 +32 +33 +34 +35 +36 +37 +38 +39 +40 +41 +42 +43 +44 +45 +46 +47 +50 +51 +52 +53 +120 +121 +54 +55 +56 +57 +58 +59 +60 +61 +62 +89 +90 +91 -126 +63 +122 +64 +65 +66 -139 -142 -129 -128 -127 +67 +68 +69 +70 +71 +72 +73 +74 -116 +75 +76 -138 +77 -2 +78 +79 +80 +81 +82 +83 +84 +85 +86 +87 +88 -137 +93 +94 -2 +95 +96 +97 +98 +99 +100 +101 +102 +103 +104 +105 +106 +107 +108 +109 +110 +111 +140 +112 +113 +114 +115 $
>CP007024
+1 +2 +2 +3 +4 +5 +2 +6 +7 +8 +9 +10 +11 +12 +13 +14 +15 +16 +17 +2 +18 +19 +20 +21 +22 +23 +24 +25 +26 +27 +28 +29 +30 +31 +32 +33 +34 +35 +36 +37 +38 +39 +40 +41 +42 +43 +44 +45 +46 +47 -118 +50 +51 +52 +53 +120 +130 +131 +121 +54 +55 +56 +58 +59 +60 +61 +62 +63 +64 +65 +66 +67 +68 +69 +70 +71 +72 +73 +74 +75 +76 +77 -2 +78 +79 +80 +81 +82 +83 +84 +85 +86 +87 +88 -137 +93 +94 -2 +95 +96 +97 +98 +99 +100 +143 +101 +102 +103 +104 +105 +106 +107 +108 +109 +110 +111 +112 +113 +114 +115 $
>CP009612
+1 +2 +2 +3 +4 +5 +2 +6 +7 +8 +9 +10 +11 +12 +13 +14 +15 +16 +17 +2 +18 +19 +20 +21 +22 +23 +24 +25 +26 +27 +28 +29 +30 +31 +32 +33 +34 +35 +36 +37 +38 +39 +40 +41 +42 +43 +44 +45 +46 +47 -91 -90 -89 +50 +51 +52 +53 +120 +121 +54 +55 +56 +57 +59 +60 +61 +62 +63 +64 +65 +66 -131 -130 -129 -128 -127 +67 +68 +69 +70 +71 +72 +73 +118 +74 +75 +76 +77 -2 +78 +79 +80 +81 -49 -48 +82 +83 +84 +85 +86 +89 +90 +91 +87 +88 +93 +94 -2 +95 +96 +97 +98 +99 +100 +101 +102 +103 +104 +105 +106 +107 +108 +109 +110 +111 +112 +113 +114 +115 $
>CP003068
+1 +2 +2 +3 +4 +5 +2 +6 +7 +8 +9 +10 +11 +12 +13 +14 +15 +16 +17 +2 +18 +19 +20 +21 +22 +23 +24 +25 +26 +27 +28 +124 +125 +29 +30 +31 +32 +33 +34 +35 +36 +37 +38 +39 +40 +41 +42 +43 +44 +45 +46 +47 +50 +52 +53 +54 +55 +56 +58 +59 +60 +61 +62 +89 +90 +91 -126 +63 +64 +65 +66 +67 +68 +69 +70 +71 +72 +73 -117 +74 +76 +77 -116 -2 +78 +79 +80 +81 +82 +83 +84 +85 +86 +87 +88 +93 +94 -2 +95 +97 +98 +99 +100 +101 +102 +103 +104 +105 +106 +107 +108 +109 +110 +111 +112 +113 +114 +115 $
>CP010449
+1 +2 +2 +3 +4 +5 +2 +6 +7 +8 +9 +10 +11 +12 +13 +14 +15 +16 +17 +2 -94 -93 +137 -88 -87 -86 -85 -84 -83 -82 -81 -80 -79 -78 +2 -77 +37 +38 +39 +40 +41 +42 +43 +44 +45 +46 +47 +50 +51 +52 +53 +120 +121 +54 +55 +56 +57 +58 +59 +60 +61 +62 +118 -126 +63 +122 +64 +65 +66 +145 +130 +131 +146 +147 +148 +67 +141 +68 +69 +70 +71 +72 +73 -117 +74 +144 +76 -36 -35 +118 -34 -33 -32 -31 -30 -29 -28 -27 -26 -25 -24 -23 -22 -21 -20 -19 -18 -2 +95 +96 +97 +98 +99 +100 +101 +102 +103 +104 +105 +106 +107 +108 +109 +110 +111 +112 +113 +114 +115 $
>CP000262
+1 +2 +2 +3 +4 +5 +2 +6 +7 +8 +149 +10 +11 +12 +13 +14 +15 +16 +17 +2 +18 +19 +20 +21 +22 +23 +24 +25 +26 +27 +28 +124 +125 +29 +30 +31 +32 +33 +34 -118 +35 +36 +37 +38 +39 +40 +41 +42 +43 +44 +45 +46 +47 -134 -133 +50 +51 +52 +53 +120 +121 +54 +55 +56 +57 +58 +59 +60 +61 +62 +63 +122 +64 +65 +66 +67 +68 +69 +70 +71 +72 +73 -117 +74 +75 +76 +77 -2 +78 +79 +80 +81 +82 +83 +84 +85 +86 +87 +88 +93 +94 -2 +95 -148 -147 -146 -145 +96 +97 +98 +99 +100 +101 +102 +103 +104 +105 +106 +107 +108 +109 +110 +111 +112 +114 +115 $
>CP014138
+1 +2 +3 +4 +5 +2 +6 +7 +8 +149 +10 +11 +12 +13 +14 +15 +16 +17 +2 +18 +19 +20 +21 +22 +23 +24 +25 +26 +27 +28 +124 +125 +29 +30 +31 +32 +33 +34 +35 +36 +37 +38 +39 +40 +41 +42 +43 +44 +45 +46 +47 -133 +50 +51 +52 +53 +120 +121 +54 +55 +56 +57 +58 +59 +60 +61 +62 +63 +122 +64 +65 +66 +67 +68 +69 +70 +71 +72 +73 -117 +74 +75 +76 +77 -2 +78 +79 +80 +81 +82 +83 +84 +85 +86 +87 +88 +93 +94 -2 +95 +96 +97 +98 +99 +100 +101 +102 +103 +104 +105 +106 +107 +108 +109 +110 +111 +112 +114 +115 $
>CP008776
+1 +2 +3 +4 +5 +2 +6 +7 +8 -136 +10 +11 +12 +13 +14 +15 +16 +17 +2 -94 -93 -88 -87 -86 -85 -84 -83 -82 +48 +49 -81 -80 -79 -78 +2 -77 -76 -75 -74 +117 -73 -72 -71 -70 -69 -68 -67 -66 -65 -64 -122 -63 -134 -133 -62 -61 -60 -59 -58 -57 -56 -55 -54 -121 -120 -53 -52 -51 -50 -47 -46 -45 -44 -43 -42 -41 -40 -39 -38 -37 -36 -35 -34 -33 -32 -31 -30 -29 -28 -27 -26 -25 -24 -23 -22 -21 -20 -19 -18 -2 +95 +96 +97 +98 +99 +100 +101 +102 +103 +104 +105 +106 +107 +108 +109 +110 +111 +112 +113 +114 +115 $
>CP007561
+1 +2 +2 +3 +4 +5 +2 +6 +7 +8 +9 +10 +11 +12 +13 +14 +15 +16 +17 +2 -94 -93 +137 -88 -87 -86 -85 -84 -83 -82 -81 -80 -79 -78 +2 -77 -76 -75 -74 -73 -72 -71 -70 -69 -68 -67 -66 -65 -64 -63 -62 -61 -60 -59 -58 -57 -56 -55 -54 -121 -120 -53 -52 -50 -49 -48 -47 -46 -45 -44 -43 -42 -41 -40 -39 -38 -37 -36 -35 -34 -33 -32 -31 -30 -29 -28 -27 -26 -25 -24 -23 -22 -21 -20 -19 -18 -2 +95 +96 +97 +98 +99 +100 +101 +102 +103 +104 +105 +106 +107 +108 +109 +110 +111 +112 +113 +114 +115 $
>CP003116
+1 +2 +3 +4 +5 +2 +6 +7 +8 +9 +10 +11 +12 +13 +14 +15 +16 +17 +2 +18 +19 +20 +21 +22 +23 +24 +25 +26 +27 +28 +29 +30 +31 +32 +33 +34 +35 +36 +37 +38 +39 +40 +41 +42 +43 +44 +45 +46 +47 +50 +51 +52 +53 +54 +55 +56 +57 +58 +59 +60 +61 -119 +62 +63 +64 +65 +66 +67 +68 +69 +70 +71 +72 +73 +74 +144 +76 +77 -2 +78 +79 +80 +81 +82 +83 +84 +85 +86 +87 +88 -137 +93 +94 -2 +95 +96 +97 +98 +99 +100 +101 +102 +103 +104 +105 +106 +107 +108 +109 +110 +111 +140 +112 +113 +114 +115 $
>CP015238
+1 +2 +3 +4 +5 +2 +6 +7 +8 +9 +10 +11 +12 +13 +14 +15 +16 +17 +2 +18 +19 +20 +21 +22 +23 +24 +25 +26 +27 +28 +124 +125 +29 +30 +31 +32 +33 +34 +35 +36 +37 +38 +39 +40 +41 +42 +43 +44 +45 +46 +135 +47 +50 +52 +53 +120 +121 +54 +55 +56 +58 +59 +60 +61 +62 +63 +122 +64 +65 +66 +67 +68 +69 +70 +71 +72 +73 +74 +76 +77 -2 +78 +79 +80 +81 +82 +83 +84 +85 +86 +87 +88 +93 +94 -2 +95 +96 +97 +98 +99 +100 +101 +102 +103 +104 +105 +106 +107 +108 +109 +110 +111 +112 +113 +114 +115 $
>CP012045
+1 +2 +2 +3 +4 +5 +2 +6 +7 +8 -136 +10 +11 +12 +13 +14 +15 -101 -100 -99 -98 -97 -96 -95 +2 +18 +19 +20 +21 +22 +23 +24 +25 +26 +27 +28 +29 +30 +31 +32 +33 +34 +35 +36 +37 +38 +39 +40 +41 +42 +43 +44 +45 +46 +47 +50 +51 +52 +53 +120 +121 +54 +55 +56 +57 +58 +59 +60 +61 +62 +133 +134 +63 +122 +64 +65 +66 -131 -130 -129 -128 -127 +67 +68 +69 +70 +71 +72 +73 -117 +74 +75 +76 +77 -2 +78 +79 +80 +81 -49 -48 +82 +83 +84 +85 +86 +89 +90 +91 +87 +88 +93 +94 -2 -17 -16 +102 +103 +104 +105 +106 +107 +108 +109 +110 +111 +112 +113 +114 +115 $
>AP012335
+1 +2 +2 +3 +4 +5 +2 +6 +7 +8 +10 +11 +12 +13 +14 +15 +16 +17 +2 +18 +19 +20 +21 +22 +23 +24 +25 +26 +27 +28 +29 +30 +31 +32 +33 +34 +35 +36 +37 +38 +39 +40 +41 +42 +43 +44 +45 +46 +135 +47 +50 +52 +53 -67 -66 -65 -64 -63 -62 +119 -61 -60 -59 -58 -56 -55 -54 +68 +69 +70 +71 +72 +73 -117 +74 +76 +77 -116 -2 +78 +79 +80 +81 +82 +83 +84 +85 +86 -49 -48 +87 +88 +93 +94 -2 +95 +96 +97 +98 +99 +100 +101 +102 +103 +104 +105 +106 +107 +108 +109 +110 +111 +112 +113 +114 +115 $
>BA000034
+1 +2 +3 +4 +5 +2 +6 +7 +8 +9 +10 +11 +12 +13 +14 +15 +16 +17 +2 -94 -93 -88 -87 -86 -85 -84 -83 -82 -81 -80 +48 +49 -79 -78 +2 -134 -133 -77 -76 +116 -74 +117 -73 -72 -71 -70 -69 -68 -67 -66 -65 -64 -63 -118 +52 +53 +54 +55 +56 +58 +59 +60 +61 +62 -132 -51 -50 -47 -46 -45 -44 -43 -42 -41 -40 -39 -38 -37 -36 -35 -34 -33 -32 -31 -30 -29 -28 -27 -26 -25 -24 -23 -22 -21 -20 -19 -18 -2 +95 +96 +97 +98 +99 +100 +101 +102 +103 +104 +105 +106 +107 +108 +109 +110 +111 +112 +113 +114 +115 $
>CP000017
+1 +2 +2 +3 +4 +5 +2 +6 +7 +8 -136 +10 +11 +12 +13 +14 +15 +16 +17 +2 +18 +19 +20 +21 +22 +23 +24 +25 +26 +27 +28 +29 +30 +31 +32 +33 +34 +35 +36 +37 +38 +39 +40 +41 +42 +43 +44 +45 +46 +47 +50 +51 +52 +53 +120 +121 +54 +55 +56 +57 +58 +59 +60 +61 +62 +133 +134 +63 +122 +64 +65 +66 +67 +68 +69 +70 +71 +72 +73 -117 +74 +75 +76 +77 -2 +78 +79 +80 +81 -49 -48 +82 +83 +84 +85 +86 +87 +88 +93 +94 -2 +95 +96 +97 +98 +99 +100 +101 +102 +103 +104 +105 +106 +107 +108 +109 +110 +111 +112 +113 +114 +115 $
>CP007041
+1 +2 +3 +4 +5 +2 +6 +7 +8 +9 +10 +11 +12 +13 +14 +15 +16 +17 +2 -94 -93 -88 -87 -86 -85 -84 -83 -82 -81 -80 +48 +49 -79 -78 +2 -134 -133 -77 -76 +116 -74 +117 -73 -72 -71 -70 -69 -68 -67 -66 -65 -64 -63 -118 +52 +53 +54 +55 +56 +58 +59 +60 +61 +62 -132 -51 -50 -47 -46 -45 -44 -43 -42 -41 -40 -39 -38 -37 -36 -35 -34 -33 -32 -31 -30 -29 -28 -27 -26 -25 -24 -23 -22 -21 -20 -19 -18 -2 +95 +96 +97 +98 +99 +100 +101 +102 +103 +104 +105 +106 +107 +108 +109 +110 +111 +112 +113 +114 +115 $
>CP013672
+1 +2 +2 +3 +4 +5 +2 +6 +7 +8 +9 +10 +11 +12 +13 +14 +15 +16 +17 +2 +18 +19 +20 +21 +22 +23 +24 +25 +26 +27 +28 +124 +125 +29 +30 +31 +32 +33 +34 +35 +36 +37 +38 +39 +40 -132 +41 +42 +43 +44 +45 +46 +47 +50 +52 +53 +54 +55 +56 +58 +59 +60 +61 +62 +118 +63 +64 +65 +66 +67 +68 +69 +70 +71 +72 +73 -117 +74 +76 +77 -116 -2 +78 +79 +80 +81 +82 +83 +84 +85 +86 +87 +88 +93 +94 -2 +95 +97 +98 +99 +100 +101 +102 +103 +104 +105 +106 +107 +108 +109 +110 +111 +112 +113 +114 +115 $
>AP012491
+1 +2 +3 +4 +5 +2 +6 +7 +8 -136 +10 +11 +12 +13 +14 +15 -101 -100 -99 -98 -97 -96 -95 +2 +18 +19 +20 +21 +22 +23 +24 +25 +26 +27 +28 +29 +30 +31 +32 +33 +34 +35 +36 +37 +38 +39 +40 +41 +42 +43 +44 +45 +46 +47 +50 +51 +52 +53 +120 +121 +54 +55 +56 +57 +58 +59 +60 +61 +62 +133 +134 +63 +122 +64 +65 +66 +67 +68 +69 +70 +71 +72 +73 -117 +74 +75 +76 +77 -2 +78 +79 +80 +81 -49 -48 +82 +83 +84 +85 +86 +87 +88 +93 +94 -2 -17 -16 +102 +103 +104 +105 +106 +107 +108 +109 +110 +111 +112 +113 +114 +115 $
