>GCA_001900315.1
+1 +2 +10 +11 +14 +16 +18 +20 +21 +22 +23 +35 +36 +38 +39 +40 +41 +42 +43 +45 +47 +48 +49 +51 +52 +53 +55 +56 +60 +61 +62 +66 +91 +92 +93 +94 +98 +99 +100 +101 +103 +104 +105 +107 +108 +109 +114 +115 +119 @
>GCA_001890365.1
-119 -115 -114 -109 -108 -107 -105 -104 -103 -101 -100 -99 -98 -94 -93 -92 -91 -66 -62 -61 -60 -56 -55 -53 -52 -51 -49 -48 -47 -45 -43 -42 -41 -40 -39 -38 -36 -35 -23 -22 -21 -20 -18 -16 -14 -11 -10 -2 -1 @
>GCA_001886535.1
-107 -105 -104 -103 -101 -100 -99 -98 -94 -93 -92 -91 -66 -62 -61 -60 -56 -55 -53 -52 -51 -49 -48 -47 -45 -43 -42 -41 -40 -39 -38 -36 -35 -23 -22 -21 -20 -18 -16 -14 -11 -10 -2 -1 -119 -115 -114 -109 -108 @
>GCA_001900375.1
+66 +91 +92 +93 +94 +98 +99 +100 +101 +103 +104 +105 +107 +108 +109 +114 +115 +119 +1 +2 +10 +11 +14 +16 +18 +20 +21 +22 +23 +35 +36 +38 +39 +40 +41 +42 +43 +45 +47 +48 +49 +51 +52 +53 +55 +56 +60 +61 +62 @
>GCA_000006925.2
-107 -105 -104 -103 -101 -100 -99 -98 -94 -93 -92 -91 -66 +60 -62 -61 -56 -55 -53 -52 -51 -49 -48 -47 -45 -43 -42 -41 -40 -39 -38 -36 -35 -23 -22 -21 -20 -18 -16 -14 -11 -10 -2 -1 +119 +114 +115 -109 -108 @
>GCA_000007405.1
-107 -105 -104 -103 -101 -100 -99 -98 -94 -93 -92 -91 -66 +60 -62 -61 -56 -55 -53 -52 -51 -49 -48 -47 -45 -43 -42 -41 -40 -39 -38 -36 -35 -119 +1 +2 +10 +11 +14 +16 +18 +20 +21 +22 +23 +114 +115 -109 -108 @
>GCA_002879975.1
+11 +14 +16 +18 +20 +21 +22 +23 +35 +36 +38 +39 +40 +41 +42 -94 -93 -92 -91 -66 -62 -61 -60 -56 -55 -53 -52 -51 -49 -48 -47 -45 -43 +98 +99 +100 +101 +103 +104 +105 +107 +108 +109 +114 +115 +119 +1 +2 +10 @
>GCA_000010745.1
-107 -105 -104 -103 -101 -100 -99 -98 -94 -93 -92 -91 -66 -62 -61 -60 -56 -55 -53 -52 -51 -49 -48 -47 -45 -43 -42 -41 -40 -39 -38 -36 -35 -23 -22 -21 -20 -18 -16 -14 +2 +10 +11 +1 -119 -115 -114 -109 -108 @
>GCA_000013265.1
-107 -105 -104 -103 -101 -100 -99 -98 -94 -93 -92 -91 -66 -62 -61 -60 -56 -55 -53 -52 -51 -49 -48 -47 -45 -43 -42 -41 -40 -39 -38 -36 -35 -23 -22 -21 -20 -18 -16 -14 -11 -10 -2 -1 -119 -115 -114 -109 -108 @
>GCA_002846135.1
-107 -105 -104 -103 -101 -100 -99 -98 -94 -93 -92 -91 -66 -62 -61 -60 -56 -55 -53 -52 -51 -49 -48 -47 -45 -43 -42 -41 -40 -39 -38 -36 -35 -23 -22 -21 -20 -18 -16 -14 -11 -10 -2 -1 -119 -115 -114 -109 -108 @
>GCA_003112145.1
-107 -105 -104 -103 -101 -100 -99 -98 -94 -93 -92 -91 -66 +119 +1 +2 +10 +11 +14 +16 +18 +20 +21 +22 +23 +35 +36 +38 +39 +40 +41 +42 +43 +45 +47 +48 +49 +51 +52 +53 +55 +56 +60 +61 +62 -115 -114 -109 -108 @
>GCA_002150905.1
-56 -55 -53 -52 -51 -49 -48 -47 -45 -43 -42 -41 -40 -39 -38 -36 +35 -23 -22 -21 -20 -18 -16 +11 +14 +10 -2 -1 -119 -115 -114 -109 -108 -107 -105 -104 -103 -101 -100 -99 -98 -94 -93 -92 -91 -66 +60 +61 +62 @
>GCA_000968515.1
-107 -105 -104 -103 -101 -100 -99 -98 -94 -93 -92 -91 -66 -62 -61 -60 -56 -55 -53 -52 -51 -49 -48 -47 -45 -43 -42 -41 -40 -39 -38 -36 -35 -23 -22 -21 -20 -18 -16 -14 -11 -10 -2 -1 -119 -115 -114 -109 -108 @
>GCA_001021855.1
-107 -105 -104 -103 -101 -100 -99 -98 -94 -93 -92 -91 -66 +60 -62 -61 -56 -55 -53 -52 -51 -49 -48 -47 -45 -43 -42 -41 -40 -39 -38 -36 -35 -23 -22 -21 -20 -18 -16 -14 -11 -10 -2 -1 +119 +114 +115 -109 -108 @
>GCA_000833145.1
-107 -105 -104 -103 -101 -100 -99 -98 -94 -93 -92 -91 -66 -62 -61 -60 -56 -55 -53 -52 -51 -49 -48 -47 -45 -43 -42 -41 -40 -39 -38 -36 -35 -23 -22 -21 -20 -18 -16 -14 -11 -10 -2 -1 -119 -115 -114 -109 -108 @
>GCA_000830035.1
-107 -105 -104 -103 -101 -100 -99 -98 -94 -93 -92 -91 -66 -62 -61 -60 -56 -55 -53 -52 -51 -49 -48 -47 -45 -43 -42 -41 -40 -39 -38 -36 -35 -23 -22 -21 -20 -18 -16 -14 -11 -10 -2 -1 -119 -115 -114 -109 -108 @
>GCA_000814145.2
-107 -105 -104 -103 -101 -100 -99 -98 -94 -93 -92 -91 -66 -62 -61 -60 -56 -55 -53 -52 -51 -49 -48 -47 -45 -43 -42 -41 -40 -39 -38 -36 -35 -23 -22 -21 -20 -18 -16 -14 -11 -10 -2 -1 -119 -115 -114 -109 -108 @
>GCA_002180275.1
+2 +10 +11 +14 +16 +18 +20 +21 +22 +23 +35 +36 +38 +39 +40 +41 +42 +43 +45 +47 +48 +49 +51 +52 +53 +55 +56 +60 +61 +62 +66 +91 +92 +93 +94 +98 +99 +100 +101 +103 +104 +105 +107 +108 +109 +114 +115 +119 +1 @
>GCA_000784925.1
-107 -105 -104 -103 -101 -100 -99 -98 -94 -93 -92 -91 -66 -62 -61 -60 -56 -55 -53 -52 -51 -49 -48 -47 -45 -43 -42 -41 -40 -39 -38 -36 -35 -23 -22 -21 -20 -18 -16 -14 -11 -10 -2 -1 -119 -115 -114 -109 -108 @
>GCA_000148605.1
+35 +36 +38 +39 +40 +41 +42 +43 +45 +47 +48 +49 +51 +52 +53 +55 +56 +60 +61 +62 +66 +91 +92 +93 +94 +98 -23 -22 -21 -20 -18 -16 -14 -11 -10 -2 -1 -119 -115 -114 -109 -108 -107 -105 -104 -103 -101 -100 -99 @
>GCA_002925525.1
-62 -61 -60 -56 -55 -53 -52 -51 -49 -48 -47 -45 -43 -42 -41 -40 -39 -38 -36 -35 -23 -22 -21 -20 -18 -16 -14 -11 -10 -2 -1 -119 -115 -114 -109 -108 -107 -105 -104 -103 -101 -100 -99 -98 -94 -93 -92 -91 -66 @
>GCA_000012025.1
-107 -105 -104 -103 -101 -100 -99 -98 -94 -93 -92 -91 +60 +61 +62 +66 +56 -55 -53 -52 -51 -49 -48 -47 -45 -40 -39 -38 -43 +41 +42 +35 +36 -23 -22 -21 -20 -18 -16 -14 +11 +10 -2 -1 +119 +114 +115 -109 -108 @
>GCA_000801185.2
-10 -2 -1 -119 -115 -114 -109 -108 -107 -105 -104 -103 -101 -100 -99 -98 -94 -93 -92 -91 -66 -62 -61 -60 -56 -55 -53 -52 -51 -49 -48 -47 -45 -43 -42 -41 -40 -39 -38 -36 -35 -23 -22 -21 -20 -18 -16 -14 -11 @
>GCA_000212715.2
-107 -105 -104 -103 -101 -100 -99 -98 -94 -93 -92 -91 -66 -62 -61 -60 -56 -55 -53 -52 -51 -49 -48 -47 -45 -43 -42 -41 -40 -39 -38 -36 -35 -23 -22 -21 -20 -18 -16 -14 -11 -10 -2 -1 -119 -115 -114 -109 -108 @
>GCA_001420935.1
+20 +21 +22 +23 -115 -114 -109 -108 -107 -105 -104 -103 -101 -100 -99 -98 -94 -93 -92 -91 -66 -62 -61 -60 -56 -55 -53 -52 -51 -49 -48 -47 -45 -43 -42 -41 -40 -39 -38 -36 -35 +119 +1 +2 +10 +11 +14 +16 +18 @
>GCA_000026345.1
-107 -105 -104 -103 -101 -100 -99 +91 +92 +93 +94 +98 +60 +61 +62 +66 -56 -55 -53 -52 -51 -49 -48 -47 -45 -43 -42 -41 +1 +2 -40 -39 -38 -36 -35 -23 -22 -21 -20 -18 -16 -14 -11 -10 -119 -115 -114 -109 -108 @
>GCA_000026545.1
-107 -105 -104 -103 -101 -100 -99 -98 -94 -93 -92 -91 -66 -62 -61 -60 -56 -55 -53 -52 -51 -49 -48 -47 -45 -43 -42 -41 -40 -39 -38 -36 -35 -23 -22 -21 -20 -18 -16 -14 -11 -10 -2 -1 -119 -115 -114 -109 -108 @
>GCA_002012125.1
-23 -22 -21 -20 -18 -16 -14 -11 -10 -2 -1 -119 -115 -114 -109 -108 -107 -105 -104 -103 -101 -100 -99 -98 -94 -93 -92 -91 -66 -62 -61 -60 -56 -55 -53 -52 -51 -49 -48 -47 -45 -43 -42 -41 -40 -39 -38 -36 -35 @
>GCA_002012145.1
+2 +10 +11 +14 +16 +18 +20 +21 +22 +23 +35 +36 +38 +39 +40 +41 +42 +43 +45 +47 +48 +49 +51 +52 +53 +55 +56 +60 +61 +62 +66 +91 +92 +93 +94 +98 +99 +100 +101 +103 +104 +105 +107 +108 +109 +114 +115 +119 +1 @
>GCA_002058765.1
+11 +14 +16 +18 +20 +21 +22 +23 +35 +36 +38 +39 +40 +41 +42 +43 +45 +47 +48 +49 +51 +52 +53 +55 +56 +60 +61 +62 +66 +91 +92 +93 +94 +98 +99 +100 +101 +103 +104 +105 +107 +108 +109 +114 +115 +119 +1 +2 +10 @
>GCA_000092525.1
-107 -105 -104 -103 -101 -100 -99 -98 -94 -93 -92 -91 -66 +60 +61 +62 -56 -55 -53 -52 -51 -49 -48 -47 -45 -43 -42 -41 -40 -39 -38 -36 +35 -23 -22 -21 -20 -18 -16 +11 +14 +10 -2 -1 -119 -115 -114 -109 -108 @
>GCA_000027125.1
-107 -105 -104 -103 -101 -100 -99 -98 -94 -93 -92 -91 -66 -62 -61 -60 -56 -55 -53 -52 -51 -49 -48 -47 -45 -43 -42 -41 -40 -39 -38 -36 -35 -23 -22 -21 -20 -18 -16 -14 -11 -10 -2 -1 -119 -115 -114 -109 -108 @
>GCA_000599625.1
+11 +14 +16 +18 +20 +21 +22 +23 +35 +36 +38 +39 +40 +41 +42 +43 +45 +47 +48 +49 +51 +52 +53 +55 +56 +60 +61 +62 +66 +91 +92 +93 +94 +98 +99 +100 +101 +103 +104 +105 +107 +108 +109 +114 +115 +119 +1 +2 +10 @
>GCA_000520035.1
-107 -105 -104 -103 -101 -100 -99 -98 +91 +92 +93 +94 -66 -62 -61 -60 -56 -55 -53 -52 -51 -49 -48 -47 -45 -43 -42 -41 -40 -39 -38 -36 -35 -23 -22 -21 -20 -18 -16 -14 -11 -10 -2 -1 -119 -115 -114 -109 -108 @
>GCA_002196475.1
-48 -47 -45 -43 -42 -41 -40 -39 -38 -36 -35 -23 -22 -21 -20 -18 -16 -14 -11 -10 -2 -1 -119 -115 -114 -109 -108 -107 -105 -104 -103 -101 -100 -99 -98 -94 -93 -92 -91 -66 -62 -61 -60 -56 -55 -53 -52 -51 -49 @
>GCA_001900775.1
-62 -61 -60 -56 -55 -53 -52 -51 -49 -48 -47 -45 -43 -42 -41 -40 -39 -38 -36 -35 -23 -22 -21 -20 -18 -16 -14 -11 -10 -2 -1 -119 -115 -114 -109 -108 -107 -105 -104 -103 -101 -100 -99 -98 -94 -93 -92 -91 -66 @
>GCA_000743955.1
-107 -105 -104 -103 -101 -100 -99 -98 -94 -93 -92 -91 -66 +60 -62 -61 -56 -55 -53 -52 -51 -49 -48 -47 -45 -43 -42 -41 -40 -39 -38 -36 -35 -23 -22 -21 -20 -18 -16 -14 -11 -10 -2 -1 +119 +114 +115 -109 -108 @
>GCA_002951855.1
-56 -55 -53 -52 -51 -49 -48 -47 -45 -43 -42 -41 -40 -39 -38 -36 -35 -23 -22 -21 -20 -18 -16 -14 -11 -10 -2 -1 -119 -115 -114 -109 -108 -107 -105 -104 -103 -101 -100 -99 -98 -94 -93 -92 -91 -66 -62 -61 -60 @
>GCA_001578125.1
+98 +99 +100 +101 +103 +104 +105 +107 +108 +109 -115 -114 -119 +1 +2 +10 +11 +14 +16 +18 +20 +21 +22 +23 +35 +36 +38 +39 +40 +41 +42 +43 +45 +47 +48 +49 +51 +52 +53 +55 +56 -66 +60 -62 -61 +91 +92 +93 +94 @
>GCA_000332755.1
-2 -1 -119 -115 -114 -109 -108 -107 -105 -104 -103 -101 -100 -99 -98 -94 -93 -92 -91 -66 -62 -61 -60 -56 -55 -53 -52 -51 -49 -48 -47 -45 -43 -42 -41 -40 -39 -38 -36 -35 -23 -22 -21 -20 -18 -16 -14 -11 -10 @
>GCA_002211725.1
+11 +14 +16 +18 +20 +21 +22 +23 +35 +36 +38 +39 +40 +41 +42 +43 +45 +47 +48 +49 +51 -66 -62 -61 -60 -56 -55 -53 -52 +91 +92 +93 +94 -109 -108 -107 -105 -104 -103 -101 -100 -99 -98 +114 +115 +119 +1 +2 +10 @
>GCA_003855115.1
+91 +92 +93 +94 +98 +99 +100 +101 +103 +104 +105 +107 +108 +109 +114 +115 +119 +1 +2 -10 -14 -11 +16 +18 +20 +21 +22 +23 -35 +36 +38 +39 +40 +41 +42 +43 +45 +47 +48 +49 +51 +52 +53 +55 +56 -62 -61 -60 +66 @
>GCA_001901145.1
+35 +36 +38 +39 +40 +41 +42 +43 +45 +47 +48 +49 +51 +52 +53 +55 +56 +60 +61 +62 +66 +91 +92 +93 +94 +98 +99 +100 +101 +103 +104 +105 +107 +108 +109 +114 +115 +119 +1 +2 +10 +11 +14 +16 +18 +20 +21 +22 +23 @
>GCA_002863685.1
-115 -114 -109 -108 -107 -105 -104 -103 -101 -100 -99 -98 -94 -93 -92 -91 -66 -62 -61 -60 -56 -55 -53 -52 -51 -49 -48 -47 -45 -43 -42 -41 -40 -39 -38 -36 -35 -23 -22 -21 -20 -18 -16 -14 -11 -10 -2 -1 -119 @
>GCA_003443795.1
+11 +14 +16 +18 +20 +21 +22 +23 +35 +36 +38 +39 +40 +41 +42 +43 +45 +47 +48 +49 +51 +52 +53 +55 +56 +60 +61 +62 +66 +91 +92 +93 +94 +98 +99 +100 +101 +103 +104 +105 +107 +108 +109 +114 +115 +119 +1 +2 +10 @
>GCA_001900595.1
+66 +91 +92 +93 +94 +98 +99 +100 +101 +103 +104 +105 +107 +108 +109 +114 +115 +119 +1 +2 +10 +11 +14 +16 +18 +20 +21 +22 +23 -56 -55 -53 -52 -51 -49 -48 -47 -45 -43 -42 -41 -40 -39 -38 -36 -35 -62 -61 -60 @
>GCA_001901315.1
+35 +36 +38 +39 +40 +41 +42 +43 +45 +47 +48 +49 +51 +52 +53 +55 +56 +60 +61 +62 +66 +91 +92 +93 +94 +98 +99 +100 +101 +103 +104 +105 +107 +108 +109 +114 +115 +119 +1 +2 +10 +11 +14 +16 +18 +20 +21 +22 +23 @
>GCA_001677495.1
-107 -105 -104 -103 -101 -100 -99 -98 -94 -93 -92 -91 -66 -62 -61 -60 -56 -55 -53 -52 -51 -49 -48 -47 -45 -43 -42 -41 -40 -39 -38 -36 -35 -23 -22 -21 -20 -18 -16 -14 -11 -10 -2 -1 -119 -115 -114 -109 -108 @
>GCA_002057355.1
-11 -10 -2 -1 -119 -115 -114 -109 -108 -107 -105 -104 -103 -101 -100 -99 -98 +35 +36 +38 +39 +40 +41 +42 +43 +45 +47 +48 +49 +51 +52 +53 +55 +56 +60 +61 +62 +66 +91 +92 +93 +94 -23 -22 -21 -20 -18 -16 -14 @
>GCA_000023665.1
+11 +14 +16 +18 +20 +21 +22 +23 +35 +36 +38 +39 +40 +41 +42 +43 +45 +47 +48 +49 +51 +52 +53 +55 +56 +60 +61 +62 +66 +91 +92 +93 +94 +98 +99 +100 +101 +103 +104 +105 +107 +108 +109 +114 +115 +119 +1 +2 +10 @
>GCA_002863885.1
+11 +14 +16 +18 +20 +21 +22 +23 +35 +36 +38 +39 +40 +41 +42 +43 +45 +47 +48 +49 +51 +52 +53 +55 +56 +60 +61 +62 +66 +91 +92 +93 +94 -98 +99 +100 +101 +103 +104 +105 +107 +108 +109 +114 +115 +119 +1 +2 +10 @
>GCA_000493755.1
-107 -105 -104 -103 -101 -100 -99 -98 -94 -93 -92 -91 -66 -62 -61 -60 -56 -55 -53 -52 -51 -49 -48 -47 -45 -43 -42 -41 -40 -39 -38 -36 -35 -23 -22 -21 -20 -18 -16 -14 -11 -10 -2 -1 -119 -115 -114 -109 -108 @
>GCA_002855325.1
+11 +14 +16 +18 +20 +21 +22 +23 +35 +36 +38 +39 +40 +41 +42 +43 +45 +47 +48 +49 +51 +52 +53 +55 +56 +60 +61 +62 +66 +91 +92 +93 +94 +98 +99 +100 +101 +103 +104 +105 +107 +108 +109 +114 +115 +119 +1 +2 +10 @
>GCA_002863665.1
+11 +14 +16 +18 +20 +21 +22 +23 +35 +36 +38 +39 +40 +41 +42 +43 +45 +47 +48 +49 +51 +52 +53 +55 +56 +60 +61 +62 +66 +91 +92 +93 +94 +98 +99 +100 +101 +103 +104 +105 +107 +108 +109 +114 +115 +119 +1 +2 +10 @
>GCA_000007445.1
-107 -105 -104 -103 -101 -100 -99 -98 -94 -93 -92 -91 -66 -62 -61 -60 -56 -55 -53 -52 -51 -49 -48 -47 -45 -43 -42 -41 -40 -39 -38 -36 -35 -23 -22 -21 -20 -18 -16 -14 -11 -10 -2 -1 -119 -115 -114 -109 -108 @
>GCA_002968735.1
-2 -1 -119 -115 -114 -109 -108 -107 -105 -104 -103 -101 -100 -99 -98 -94 -93 -92 -91 -66 -62 -61 -60 -56 -55 -53 -52 -51 -49 -48 -47 -45 -43 -42 -41 -40 -39 -38 -36 -35 -23 -22 -21 -20 -18 -16 -14 -11 -10 @
>GCA_000210475.1
-107 -105 -104 -103 -101 -100 -99 -98 -94 -93 -92 -91 -66 -62 -61 -60 -56 -55 -53 -52 -51 -49 -48 -47 -45 -43 -42 -41 -40 -39 -38 -36 -35 -23 -22 -21 -20 -18 -16 -14 -11 -10 -2 -1 -119 -115 -114 -109 -108 @
>GCA_000008865.2
-107 -105 -104 -103 -101 -100 -99 -98 -94 -93 -92 -91 -66 -62 -61 -60 -56 -55 -53 -52 -51 -49 -48 -47 -45 -43 -42 -41 -40 -39 -38 -36 -35 -23 -22 -21 -20 -18 -16 -14 -11 -10 -2 -1 -119 -115 -114 -109 -108 @
>GCA_001900495.1
+45 +47 +48 +49 +51 +52 +53 +55 +56 +60 +61 +62 +66 +91 +92 +93 +94 +98 +99 +100 +101 +103 +104 +105 +107 +108 +109 +114 +115 +119 +1 +2 +10 +11 +14 +16 +18 +20 +21 +22 +23 +35 +36 +38 +39 +40 +41 +42 +43 @
>GCA_003030025.1
-66 -62 -61 -60 -56 -55 -53 -52 -51 -49 -48 -47 -45 -43 -42 -41 -40 -39 -38 -36 -35 -23 -22 -21 -20 -18 -16 -14 -11 -10 -2 -1 -119 -115 -114 -109 -108 -107 -105 -104 -103 -101 -100 -99 -98 -94 -93 -92 -91 @
>GCA_002953455.1
+11 +14 +16 +18 +20 +21 +22 +23 +35 +36 +38 +39 +40 +41 +42 +43 +45 +47 +48 +49 +51 +52 +53 +55 +56 +60 +61 +62 +66 +91 +92 +93 +94 +98 +99 +100 +101 +103 +104 +105 +107 +108 +109 +114 +115 +119 +1 +2 +10 @
>GCA_000013305.1
-107 -105 -104 -103 -101 -100 -99 -98 -94 -93 -92 -91 -66 -62 -61 -60 -56 -55 -53 -52 -51 -49 -48 -47 -45 -43 -42 -41 -40 -39 -38 -36 -35 -23 -22 -21 -20 -18 -16 -14 -11 -10 -2 -1 -119 -115 -114 -109 -108 @
>GCA_001721525.1
-107 -105 -104 -103 -101 -100 -99 -98 -94 -93 -92 -91 -66 -62 -61 -60 -56 -55 -53 -52 -51 -49 -48 -47 -45 -43 -42 -41 -40 -39 -38 -36 -35 -23 -22 -21 -20 -18 -16 -14 -11 -10 -2 -1 -119 -115 -114 -109 -108 @
>GCA_003112225.1
-107 -105 -104 -103 -101 -100 -99 -98 -94 -93 -92 -91 -66 -62 -61 -60 -56 -55 -53 -52 -51 -49 -48 -47 -45 -43 -42 -41 -40 -39 -38 -36 -35 -23 -22 -21 -20 -18 -16 -14 +1 -11 -10 -2 -119 -115 -114 -109 -108 @
>GCA_002934895.1
+60 +61 +62 +66 +91 +92 +93 +94 +98 +99 +100 +101 +103 +104 +105 +107 +108 +109 +114 +115 +119 +1 +2 +10 +11 +14 +16 +18 +20 +21 +22 +23 +35 +36 +38 +39 +40 +41 +42 +43 +45 +47 +48 +49 +51 +52 +53 +55 +56 @
>GCA_000017985.1
-107 -105 -104 -103 -101 -100 -99 -98 -94 -93 -92 -91 -66 -62 -61 -60 -56 -55 -53 -52 -51 -49 -48 -47 -45 -43 -42 -41 -40 -39 -38 -36 -35 -23 -22 -21 -20 -18 -16 -14 -11 -10 -2 -1 -119 -115 -114 -109 -108 @
>GCA_000257275.1
-107 -105 -104 -103 -101 -100 -99 -98 -94 -93 -92 -91 +60 +61 +62 +66 -56 -55 -53 -52 -51 -49 -48 -47 -45 -43 -42 -41 -40 -39 -38 -36 -35 -23 -22 -21 -20 -18 -16 -14 -11 -10 -2 -1 -119 -115 -114 -109 -108 @
>GCA_003231115.1
+11 +14 +16 +18 +20 +21 +22 +23 +35 +36 +38 +39 +40 +41 +42 +43 +45 +47 +48 +49 +51 +52 +53 +55 +56 +60 +61 +62 +66 +91 +92 +93 +94 +98 +99 +100 +101 +103 +104 +105 +107 +108 +109 +114 +115 +119 +1 +2 +10 @
>GCA_002899475.1
+11 +14 +16 +18 +20 +21 +22 +23 +35 +36 +38 +39 +40 +41 +42 +43 +45 +47 +48 +49 +51 +52 +53 +55 +56 +60 +61 +62 +66 +91 +92 +93 +94 +98 +99 +100 +101 +103 +104 +105 +107 +108 +109 +114 +115 +119 +1 +2 +10 @
>GCA_000284495.1
-107 -105 -104 -103 -101 -100 -99 -98 -94 -93 -92 -91 -66 -62 -61 -60 -56 -55 -53 -52 -51 -49 -48 -47 -45 -43 -42 -41 -40 -39 -38 -36 -35 -23 -22 -21 -20 -18 -16 -14 -11 -10 -2 -1 -119 -115 -114 -109 -108 @
>GCA_000010765.1
-107 -105 -104 -103 -101 -100 -99 -98 -94 -93 -92 -91 -66 -62 -61 -60 -56 -55 -53 -52 -51 -49 -48 -47 -45 -43 -42 -41 -40 -39 -38 -36 -35 -23 -22 -21 -20 -18 -16 -14 -11 -10 -2 -1 -119 -115 -114 -109 -108 @
>GCA_002589795.1
+91 +92 +93 +94 +98 +99 +100 +101 +103 +104 +105 +107 +108 +109 +114 +115 +119 +1 +2 +10 +11 +14 +16 +18 +20 +21 +22 +23 +35 +36 +38 +39 +40 +41 +42 +43 +45 +47 +48 +49 +51 +52 +53 +55 +56 +60 +61 +62 +66 @
>GCA_002763995.1
+35 +36 +38 +39 +40 +41 +42 +43 +45 +47 +48 +49 +51 +52 +53 +55 +56 +60 +61 +62 +66 +91 +92 +93 +94 +98 +99 +100 +101 +103 +104 +105 +107 +108 +109 +114 +115 +119 +1 +2 +10 +11 +14 +16 +18 +20 +21 +22 +23 @
>GCA_002787545.1
+114 +115 +119 +1 +2 +10 +11 +14 +16 +18 +20 +21 +22 +23 +35 +36 +38 +39 +40 +41 +42 +43 +45 +47 +48 +49 +51 +52 +53 +55 +56 +60 +61 +62 +66 +91 +92 +93 +94 +98 +99 +100 +101 +103 +104 +105 +107 +108 +109 @
>GCA_000988385.1
-107 -105 -104 -103 -101 -100 -99 -98 -94 -93 -92 -91 -66 -62 -61 -60 -56 -55 -53 -52 -51 -49 -48 -47 -45 -43 -42 -41 -40 -39 -38 -36 -35 -23 -22 -21 -20 -18 -16 -14 -11 -10 -2 -1 -119 -115 -114 -109 -108 @
>GCA_000743995.1
-107 -105 -104 -103 -101 -100 -99 -98 -94 -93 -92 -91 -66 +60 -62 -61 -56 -55 -53 -52 -51 -49 -48 -47 -45 -43 -42 -41 -40 -39 -38 -36 -35 -23 -22 -21 -20 -18 -16 -14 -11 -10 -2 -1 +119 +114 +115 -109 -108 @
>GCA_000953035.1
-107 -105 -104 -103 -101 -100 -99 -98 -94 -93 -92 -91 -66 +60 -62 -61 -56 -55 -53 -52 -51 -49 -48 -47 -45 -43 -42 -41 -40 -39 -38 -36 -35 -23 -22 -21 -20 -18 -16 -14 -11 -10 -2 -1 +119 +114 +115 -109 -108 @
>GCA_002788115.1
-62 -61 -60 -56 -55 -53 -52 -51 -49 -48 -47 -45 -43 -42 -41 -40 -39 -38 -36 -35 -23 -22 -21 -20 -18 -16 -14 -11 -10 -2 -1 -119 -115 -114 -109 -108 -107 -105 -104 -103 -101 -100 -99 -98 -94 -93 -92 -91 -66 @
>GCA_000227625.1
-107 -105 -104 -103 -101 -100 -99 -98 -94 -93 -92 -91 -66 -62 -61 -60 -56 -55 -53 -52 -51 -49 -48 -47 -45 -43 -42 -41 -40 -39 -38 -36 -35 -23 -22 -21 -20 -18 -16 -14 -11 -10 -2 -1 -119 -115 -114 -109 -108 @
>GCA_002853715.1
+11 +14 +16 +18 +20 +21 +22 +23 +35 +36 +38 +39 +40 +41 +42 +43 +45 +47 +48 +49 +51 +52 +53 +55 +56 +60 +61 +62 +66 +91 +92 +93 +94 +98 +99 +100 +101 +103 +104 +105 +107 +108 +109 +114 +115 +119 +1 +2 +10 @
>GCA_001969285.3
+11 +14 +16 +18 +20 +21 +22 +23 +35 +36 +38 +39 +40 +41 +42 +43 +45 +47 +48 +49 +51 +52 +53 +55 +56 +60 +61 +62 +66 +91 +92 +93 +94 +98 +99 +100 +101 +103 +104 +105 +107 +108 +109 +114 +115 +119 +1 +2 +10 @
>GCA_002853805.1
+11 +14 +16 +18 +20 +21 +22 +23 +35 +36 +38 +39 +40 +41 +42 +43 +45 +47 +48 +49 +51 +52 +53 +55 +56 +60 +61 +62 +66 +91 +92 +93 +94 +98 +99 +100 +101 +103 +104 +105 +107 +108 +109 +114 +115 +119 +1 +2 +10 @
>GCA_002310655.1
+10 +11 +14 +16 +18 +20 +21 +22 +23 +35 +36 +38 +39 +40 +41 +42 +43 +45 +47 +48 +49 +51 +52 +53 +55 +56 +60 +61 +62 +66 +91 +92 +93 +94 +98 +99 +100 +101 +103 +104 +105 +107 +108 +109 +114 +115 +119 +1 +2 @
>GCA_002853655.1
+11 +14 +16 +18 +20 +21 +22 +23 +35 +36 +38 +39 +40 +41 +42 +43 +45 +47 +48 +49 +51 +52 +53 +55 +56 +60 +61 +62 +66 +91 +92 +93 +94 +98 +99 +100 +101 +103 +104 +105 +107 +108 +109 +114 +115 +119 +1 +2 +10 @
>GCA_003033905.1
+11 +14 +16 +18 +20 +21 +22 +23 +35 +36 +38 +39 +40 +41 +42 +43 +45 +47 +48 +49 +51 +52 +53 +55 +56 +60 +61 +62 +66 +91 +92 +93 +94 +98 +99 +100 +101 +103 +104 +105 +107 +108 +109 +114 +115 +119 +1 +2 +10 @
>GCA_002196495.1
+11 +14 +16 +18 +20 +21 +22 +23 +35 +36 +38 +39 +40 +41 +42 +43 +45 +47 +48 +49 +51 +52 +53 +55 +56 +60 +61 +62 +66 +91 +92 +93 +94 +98 +99 +100 +101 +103 +104 +105 +107 +108 +109 +114 +115 +119 +1 +2 +10 @
>GCA_003344465.1
+11 +14 +16 +18 +20 +21 +22 +23 +35 +36 +38 +39 +40 +41 +42 +43 +45 +47 +48 +49 +51 +52 +53 +55 +56 +60 +61 +62 +66 +91 +92 +93 +94 +98 +99 +100 +101 +103 +104 +105 +107 +108 +109 +114 +115 +119 +1 +2 +10 @
>GCA_002812545.1
-62 -61 -60 -56 -55 -53 -52 -51 -49 -48 -47 -45 -43 -42 -41 -40 -39 -38 -36 -35 -23 -22 -21 -20 -18 -16 -14 -11 -10 -2 -1 -119 -115 -114 -109 -108 -107 -105 -104 -103 -101 -100 -99 -98 -94 -93 -92 -91 -66 @
>GCA_001682305.2
+119 +1 +2 +10 +11 +14 +16 +18 +20 +21 +22 +23 +35 +36 +38 +39 +40 +41 +42 +43 +45 +47 +48 +49 +51 +52 +53 +55 +56 +60 +61 +62 +66 +91 +92 +93 +94 +98 +99 +100 +101 +103 +104 +105 +107 +108 +109 +114 +115 @
>GCA_003443815.1
+11 +14 +16 +18 +20 +21 +22 +23 +35 +36 +38 +39 +40 +41 +42 +43 +45 +47 +48 +49 +51 +52 +53 +55 +56 +60 +61 +62 +66 +91 +92 +93 +94 +98 +99 +100 +101 +103 +104 +105 +107 +108 +109 +114 +115 +119 +1 +2 +10 @
>GCA_003352425.1
+11 +14 +16 +18 +20 +21 +22 +23 +35 +36 +38 +39 +40 +41 +42 +43 +45 +47 +48 +49 +51 +52 +53 +55 +56 +60 +61 +62 +66 +91 +92 +93 +94 +98 +99 +100 +101 +103 +104 +105 +107 +108 +109 +114 +115 +119 +1 +2 +10 @
>GCA_002996665.1
-56 -55 -53 -52 -51 -49 -48 -47 -45 -43 -42 -41 -40 -39 -38 -36 -35 -23 -22 -21 -20 -18 -16 -14 -11 -10 -2 -1 -119 -115 -114 -109 -108 -107 -105 -104 -103 -101 -100 -99 -98 -94 -93 -92 -91 +60 +61 +62 +66 @
>GCA_003413625.1
+11 +14 +16 +18 +20 +21 +22 +23 +35 +36 +38 +39 +40 +41 +42 +43 +45 +47 +48 +49 +51 +52 +53 +55 +56 +60 +61 +62 +66 +91 +92 +93 +94 +98 +99 +100 +101 +103 +104 +105 +107 +108 +109 +114 +115 +119 +1 +2 +10 @
>GCA_002156845.1
-107 -105 -104 -103 -101 -100 -99 -98 -94 -93 -92 -91 -66 -62 -61 -60 -56 -55 -53 -52 -51 -49 -48 -47 -45 -43 -42 -41 -40 -39 -38 -36 -35 -23 -22 -21 -20 -18 -16 -14 -11 -10 -2 -1 -119 -115 -114 -109 -108 @
>GCA_002057245.1
-11 -10 -2 -1 +14 +16 +18 +20 +21 +22 +23 +35 +36 +38 +39 +40 +41 +42 +43 +45 +47 +48 +49 +51 +52 +53 +55 +56 +60 +61 +62 +66 +91 +92 +93 +94 +98 +99 +100 +101 +103 +104 +105 +107 +108 +109 +114 +115 +119 @
>GCA_002214745.2
+11 +14 +16 +18 +20 +21 +22 +23 +35 +36 +38 +39 +40 +41 +42 +43 +45 +47 +48 +49 +51 +52 +53 +55 +56 +60 +61 +62 +66 +91 +92 +93 +94 +98 +99 +100 +101 +103 +104 +105 +107 +108 +109 +114 +115 +119 +1 +2 +10 @
>GCA_002716885.1
-107 -105 -104 -103 -101 -100 -99 -98 -94 -93 -92 -91 -66 -62 -61 -60 -56 -55 -53 -52 -51 -49 -48 -47 -45 +1 +2 +10 +11 +14 +16 +18 +20 +21 +22 +23 +35 +36 +38 +39 +40 +41 +42 +43 -119 -115 -114 -109 -108 @
>GCA_002357875.1
-107 -105 -104 -103 -101 -100 -99 -98 -94 -93 -92 -91 +60 +61 +62 +66 -56 -55 -53 -52 -51 -49 -48 -47 -45 -43 -42 -41 -40 -39 -38 -36 -35 -23 -22 -21 -20 -18 -16 -14 -11 -10 -2 -1 -119 -115 -114 -109 -108 @
>GCA_002224605.1
-66 +60 +61 +62 -56 -55 -53 -52 -51 -49 -48 -47 -45 -43 -42 -41 -40 -39 -38 -36 +35 -23 -22 -21 -20 +16 +18 +11 +14 -10 -2 -1 -119 -115 -114 -109 -108 -107 -105 -104 -103 -101 -100 -99 -98 -94 -93 -92 -91 @
>GCA_002056145.1
-56 -55 -53 -52 -51 -49 -48 -47 -45 -43 -42 -41 -40 -39 -38 -36 -35 -23 -22 -21 -20 -18 -16 -14 -11 -10 -2 -1 -119 -115 -114 -109 -108 -107 -105 -104 -103 -101 -100 -99 -98 -94 -93 -92 -91 -66 -62 -61 -60 @
>GCA_000971615.1
+53 +55 +56 +60 +61 +62 +66 +91 +92 +93 +94 +98 +99 +100 +101 +103 +104 +105 +107 +108 +109 +114 +115 +119 +1 +2 +10 +11 +14 +16 +18 +20 +21 +22 +23 +35 +36 +38 +39 +40 +41 +42 +43 +45 +47 +48 +49 +51 +52 @
>GCA_002796445.1
+35 +36 +38 +39 +40 +41 +42 +43 +45 +47 +48 +49 +51 +52 +53 +55 +56 +60 +61 +62 +66 +91 +92 +93 +94 +98 +1 +2 -23 -22 -21 -20 -18 -16 -14 -11 -10 -119 -115 -114 -109 -108 -107 -105 -104 -103 -101 -100 -99 @
>GCA_002952695.1
+11 +14 +16 +18 +20 +21 +22 +23 +35 +36 +38 +39 +40 +41 +42 +43 +45 +47 +48 +49 +51 +52 +53 +55 +56 +60 +61 +62 +66 +91 +92 +93 +94 +98 +99 +100 +101 +103 +104 +105 +107 +108 +109 +114 +115 +119 +1 +2 +10 @
>GCA_001901405.1
-56 -55 -53 -52 -51 -49 -48 -47 -45 -43 -42 -41 -40 -39 -38 -36 -35 -23 -22 -21 -20 -18 -16 -14 -11 -10 -2 -1 -119 -115 -114 -109 -108 -107 -105 -104 -103 -101 -100 -99 -98 -94 -93 -92 -91 -66 -62 -61 -60 @
>GCA_002163655.1
-52 -51 -49 -48 -47 -45 -43 -42 -41 -40 -39 -38 -36 -35 -23 -22 -21 -20 -18 -16 -14 -11 -10 -2 -1 -119 -115 -114 -109 -108 -107 -105 -104 -103 -101 -100 -99 -98 -94 -93 -92 -91 -66 -62 -61 -60 -56 -55 -53 @
>GCA_000013585.1
-107 -105 -104 -103 -101 -100 -99 -98 -94 -93 -92 -91 -66 +60 -62 -61 -56 -55 -53 -52 -51 -49 -48 -47 -45 +41 +42 +43 -40 -39 -38 -36 -35 -23 -22 -21 -20 -18 -16 +14 +2 -10 +11 -1 +119 +114 +115 -109 -108 @
>GCA_001721205.1
+66 -56 -55 -53 -52 -51 -49 -48 -47 -45 -43 -42 -41 -40 -39 -38 -36 -35 -23 -22 -21 -20 -18 -16 -14 -11 -10 -2 -1 -119 -115 -114 -109 -108 -107 -105 -104 -103 -101 -100 -99 -98 -94 -93 -92 -91 +60 +61 +62 @
>GCA_000801165.1
-10 -2 -1 -119 -115 -114 -109 -108 -107 -105 -104 -103 -101 -100 -99 -98 -94 -93 -92 -91 -66 -62 -61 -60 -56 -55 -53 -52 -51 -49 -48 -47 -45 -43 -42 -41 -40 -39 -38 -36 -35 -23 -22 -21 -20 -18 -16 -14 -11 @
>GCA_000147855.3
+11 +14 +16 +18 +20 +21 +22 +23 +35 +36 +38 +39 +40 +41 +42 +43 +45 +47 +48 +49 +51 +52 +53 +55 +56 +60 +61 +62 +66 +91 +92 +93 +94 +98 +99 +100 +101 +103 +104 +105 +107 +108 +109 +114 +115 +119 +1 +2 +10 @
>GCA_002012005.1
+91 +92 +93 +94 +98 +99 +100 +101 +103 +104 +105 +107 +108 +109 +114 +115 +119 +1 +2 +10 +11 +14 +16 +18 +20 +21 +22 +23 +35 +36 +38 +39 +40 +41 +42 +43 +45 +47 +48 +49 +51 +52 +53 +55 +56 +60 +61 +62 +66 @
>GCA_002012225.1
+60 +61 +62 +66 +91 +92 +93 +94 +98 +99 +100 +101 +103 +104 +105 +107 +108 +109 +114 +115 +119 +1 +2 +10 +11 +14 +16 +18 +20 +21 +22 +23 +35 +36 +38 +39 +40 +41 +42 +43 +45 +47 +48 +49 +51 +52 +53 +55 +56 @
>GCA_003030365.1
-2 -1 -119 -115 -114 -109 -108 -107 -105 -104 -103 -101 -100 -99 -98 -94 -93 -92 -91 -66 -62 -61 -60 -56 -55 -53 -52 -51 -49 -48 -47 -45 -43 -42 -41 -40 -39 -38 -36 -35 -23 -22 -21 -20 -18 -16 -14 -11 -10 @
>GCA_000233895.1
-107 -105 -104 -103 -101 -100 -99 -98 -94 -93 -92 -91 -66 -62 -61 -60 -56 -55 -53 -52 -51 -49 -48 -47 -45 -43 -42 -41 -40 -39 -38 -36 -35 -23 -22 -21 -20 -18 -16 -14 -11 -10 -2 -1 -119 -115 -114 -109 -108 @
>GCA_001900635.1
-119 -115 -114 -109 -108 -107 -105 -104 -103 -101 -100 -99 -98 -94 -93 -92 -91 -66 -62 -61 -60 -56 -55 -53 -52 -51 -49 -48 -47 -45 -43 -42 -41 -40 -39 -38 -36 -35 -23 -22 -21 -20 -18 -16 -14 -11 -10 -2 -1 @
>GCA_002442535.1
+20 +21 +22 +23 -35 +36 +38 +39 +40 +41 +42 +43 +45 +47 +48 +49 +51 +52 +53 +55 +56 -62 -61 -60 +66 +91 +92 +93 +94 +98 +99 +100 +101 +103 +104 +105 +107 +108 +109 +114 +115 +119 +1 +2 -10 -14 -11 +16 +18 @
>GCA_000829985.1
-107 -105 -104 -103 -101 -100 -99 -98 -94 -93 -92 -91 -66 -62 -61 -60 -56 -55 -53 -52 -51 -49 -48 -47 -45 -43 -42 -41 -40 -39 -38 -36 -35 -23 -22 -21 -20 -18 -16 -14 -11 -10 -2 -1 -119 -115 -114 -109 -108 @
>GCA_002903105.1
+66 +91 +92 +93 +94 +98 +99 +100 +101 +103 +104 +105 +107 +108 +109 +114 +115 +119 +1 +2 +10 +11 +14 +16 +18 +20 +21 +22 +23 +35 +36 +38 +39 +40 +41 +42 +43 +45 +47 +48 +49 +51 +52 +53 +55 +56 +60 +61 +62 @
>GCA_002993265.1
+66 +91 +92 +93 +94 +98 +99 +100 +101 +103 +104 +105 +107 +108 +109 +114 +115 +119 +1 +2 +10 +11 +14 +16 +18 +20 +21 +22 +23 +35 +36 +38 +39 +40 +41 +42 +43 +45 +47 +48 +49 +51 +52 +53 +55 +56 +60 +61 +62 @
>GCA_002764015.1
+66 +91 +92 +93 +94 +98 +99 +100 +101 +103 +104 +105 +107 +108 +109 +114 +115 +119 +1 +2 +10 +11 +14 +16 +18 +20 +21 +22 +23 +35 +36 +38 +39 +40 +41 +42 +43 +45 +47 +48 +49 +51 +52 +53 +55 +56 +60 +61 +62 @
>GCA_002055635.1
+66 +91 +92 +93 +94 +98 +99 +100 +101 +103 +104 +105 +107 +108 +109 +114 +115 +119 +1 +2 +10 +11 +14 +16 +18 +20 +21 +22 +23 +35 +36 +38 +39 +40 +41 +42 +43 +45 +47 +48 +49 +51 +52 +53 +55 +56 +60 +61 +62 @
>GCA_000800845.2
-107 -105 -104 -103 -101 -100 -99 -98 -94 -93 -92 -91 -66 -62 -61 -60 -56 -55 -53 -52 -51 -49 -48 -47 -45 -43 -42 -41 -40 -39 -38 -36 -35 -23 -22 -21 -20 -18 -16 -14 -11 -10 -2 -1 -119 -115 -114 -109 -108 @
>GCA_003570765.1
-107 -105 -104 -103 -101 -100 -99 -98 -94 -93 -92 -91 -66 -62 -61 -60 -56 -55 -53 -52 -51 -49 -48 -47 -45 -43 -42 -41 -40 -39 -38 -36 -35 -23 -22 -21 -20 -18 -16 -14 -11 -10 -2 -1 -119 -115 -114 -109 -108 @
>GCA_002163935.1
-66 -62 -61 -60 -56 -55 -53 -52 -51 -49 -48 -47 -45 -43 -42 -41 -40 -39 -38 -36 -35 -23 -22 -21 -20 -18 -16 -14 -11 -10 -2 -1 -119 -115 -114 -109 -108 -107 -105 -104 -103 -101 -100 -99 -98 -94 -93 -92 -91 @
>GCA_002240095.1
-66 +60 -62 -61 -56 -55 -53 -52 -51 -49 -48 -47 -45 -43 -42 -41 -40 -39 -38 -36 -35 -23 -22 -21 -20 -18 -16 -14 -11 -10 -2 -1 +119 +114 +115 -109 -108 -107 -105 -104 -103 -101 -100 -99 -98 -94 -93 -92 -91 @
>GCA_002024865.1
-107 -105 -104 -103 -101 -100 -99 -98 -94 -93 -92 -91 -66 -62 -61 -60 -56 -55 -53 -52 -51 -49 -48 -47 -45 -43 -42 -41 -40 -39 -38 -36 -35 -23 -22 -21 -20 -18 -16 -14 -11 -10 -2 -1 -119 -115 -114 -109 -108 @
>GCA_002803905.1
+11 +14 +16 +18 +20 +21 +22 +23 +35 +36 +38 +39 +40 +41 +42 +43 +45 +47 +48 +49 +51 +52 +53 +55 +56 +60 +61 +62 +66 +91 +92 +93 +94 +98 +99 +100 +101 +103 +104 +105 +107 +108 +109 +114 +115 +119 +1 +2 +10 @
>GCA_000599665.1
-2 -1 -119 -115 -114 -109 -108 -107 -105 -104 -103 -101 -100 -99 -98 -94 -93 -92 -91 -66 -62 -61 -60 -56 -55 -53 -52 -51 -49 -48 -47 -45 -43 -42 -41 -40 -39 -38 -36 -35 -23 -22 -21 -20 -18 -16 -14 -11 -10 @
>GCA_001559615.2
-10 -2 -1 -119 -115 -114 +108 +109 -107 -105 -104 -103 -101 -100 -99 -98 -94 -93 -92 -91 -66 -62 -61 -60 -56 -55 -53 -52 -51 -49 -48 -47 -45 -43 -42 -41 -40 -39 -38 +36 -35 -23 -22 -21 -20 -18 -16 -14 -11 @
>GCA_002142695.1
+91 +92 +93 +94 +98 +99 +100 +101 +103 +104 +105 +107 +108 +109 +114 +115 +119 +1 +2 +10 +11 +14 +16 +18 +20 +21 +22 +23 +35 +36 +38 +39 +40 +41 +42 +43 +45 +47 +48 +49 +51 +52 +53 +55 +56 +60 +61 +62 +66 @
>GCA_002285755.1
-107 -105 -104 -103 -101 -100 -99 -98 -94 -93 -92 -91 -66 -62 -61 -60 -56 -55 -53 -52 -51 -49 -48 -47 -45 -43 -42 -41 -40 -39 -38 -36 -35 -23 -22 -21 -20 -18 -16 -14 -11 -10 -2 -1 -119 -115 -114 -109 -108 @
>GCA_002220215.1
+119 +1 +2 +10 +11 +14 +16 +18 +20 +21 +22 +23 -115 -114 -109 -108 -107 -105 -104 -103 -101 -100 -99 -98 -94 -93 -92 -91 -66 -62 -61 -60 -56 -55 -53 -52 -51 -49 -48 -47 -45 -43 -42 -41 -40 -39 -38 -36 -35 @
>GCA_002056065.1
+60 +61 +62 +66 +91 +92 +93 +94 +98 +99 +100 +101 +103 +104 +105 +107 +108 +109 +114 +115 +119 +1 +2 +10 +11 +14 +16 +18 +20 +21 +22 +23 +35 +36 +38 +39 +40 +41 +42 +43 +45 +47 +48 +49 +51 +52 +53 +55 +56 @
>GCA_003268695.1
+11 +14 +16 +18 +20 +21 +22 +23 +35 +36 +38 +39 +40 +41 +42 +43 +45 +47 +48 +49 +51 +52 +53 +55 +56 +60 +61 +62 +66 +91 +92 +93 +94 +98 +99 +100 +101 +103 +104 +105 +107 +108 +109 +114 +115 +119 +1 +2 +10 @
>GCA_001485455.1
-2 -1 -119 -115 -114 -109 -108 -107 -105 -104 -103 -101 -100 -99 -98 -94 -93 -92 -91 -66 -62 -61 -60 -56 -55 -53 -52 -51 -49 -48 -47 -45 -43 -42 -41 -40 -39 -38 -36 -35 -23 -22 -21 -20 -18 -16 -14 -11 -10 @
>GCA_002011945.1
+2 +10 +11 +14 +16 +18 +20 +21 +22 +23 +35 +36 +38 +39 +40 +41 +42 +43 +45 +47 +48 +49 +51 +52 +53 +55 +56 +60 +61 +62 +66 +91 +92 +93 +94 +98 +99 +100 +101 +103 +104 +105 +107 +108 +109 +114 +115 +119 +1 @
>GCA_003586045.1
-107 -105 -104 -103 -101 -100 -99 -98 -94 -93 -92 -91 -66 -62 -61 -60 -56 -55 -53 -52 -51 -49 -48 -47 -45 -43 -42 -41 -40 -39 -38 -36 -35 -23 -22 -21 -20 -18 -16 -14 -11 -10 -2 -1 -119 -115 -114 -109 -108 @
>GCA_000497505.1
-103 -107 -105 -104 -101 -100 -99 -98 +92 +93 +94 +91 +56 -61 -60 -62 +66 -55 -53 -52 -51 -49 -48 -47 -45 -43 -42 -41 -40 -39 -38 +35 +36 -23 -22 +16 -18 +20 +21 +1 +2 +10 -11 -114 -115 +119 -14 -109 -108 @
>GCA_003433275.1
-107 -105 -104 -103 -101 -100 -99 -98 -94 -93 -92 -91 -66 -62 -61 -60 -56 -55 -53 -52 -51 -49 -48 -47 -45 -43 -42 -41 -40 -39 -38 -36 -35 -23 -22 -21 -20 -18 -16 -14 -11 -10 -2 -1 -119 -115 -114 -109 -108 @
>GCA_002240135.1
-119 +1 +2 +10 +11 +14 +16 +18 +20 +21 +22 +23 +35 +36 +38 +39 +40 +41 +42 +43 +45 +47 +48 +49 +51 +52 +53 +55 +56 +61 +62 -60 +66 +91 +92 +93 +94 +98 +99 +100 +101 +103 +104 +105 +107 +108 +109 -115 -114 @
>GCA_001900965.1
-94 -93 -92 -91 -66 -62 -61 -60 -56 -55 -53 -52 -51 -49 -48 -47 -45 -43 -42 -41 -40 -39 -38 -36 -35 -23 -22 -21 -20 -18 -16 -14 -11 -10 -2 -1 -119 -115 -114 -109 -108 -107 -105 -104 -103 -101 -100 -99 -98 @
>GCA_002090355.1
-107 -105 -104 -103 -101 -100 -99 -98 -94 -93 -92 -91 -66 -62 -61 -60 -56 -55 -53 -52 -51 -49 -48 -47 -45 -43 -42 -41 -40 -39 -38 -36 -35 -23 -22 -21 -20 -18 -16 -14 -11 -10 -2 -1 -119 -115 -114 -109 -108 @
>GCA_001900815.1
-23 -22 -21 -20 -18 -16 -14 -11 -10 -2 -1 -119 -115 -114 -109 -108 -107 -105 -104 -103 -101 -100 -99 -98 -94 -93 -92 -91 -66 -62 -61 -60 -56 -55 -53 -52 -51 -49 -48 -47 -45 -43 -42 -41 -40 -39 -38 -36 -35 @
>GCA_003013205.1
-2 -1 -119 -115 -114 -109 -108 -107 -105 -104 -103 -101 -100 -99 -98 -94 -93 -92 -91 -66 -62 -61 -60 -56 -55 -53 -52 -51 -49 -48 -47 -45 -43 -42 -41 -40 -39 -38 -36 -35 -23 -22 -21 -20 -18 -16 -14 -11 -10 @
>GCA_002007705.1
-107 -105 -104 -103 -101 -100 -99 -98 -94 -93 -92 -91 -66 -62 -61 -60 -56 -55 -53 -52 -51 -49 -48 -47 -45 -43 -42 -41 -40 -39 -38 -36 -35 -23 -22 -21 -20 -18 -16 -14 -11 -10 -2 -1 -119 -115 -114 -109 -108 @
>GCA_003051985.2
+11 +14 +16 +18 +20 +21 +22 +23 +35 +36 +38 +39 +40 +41 +42 +43 +45 +47 +48 +49 +51 +52 +53 +55 +56 +60 +61 +62 +66 +91 +92 +93 +94 +98 +99 +100 +101 +103 +104 +105 +107 +108 +109 +114 +115 +119 +1 +2 +10 @
>GCA_003346835.1
+52 +53 +55 +56 +60 +61 +62 +66 +91 +92 +93 +94 +98 +99 +100 +101 +103 +104 +105 +107 +108 +109 +114 +115 +119 +1 +2 +10 +11 +14 +16 +18 +20 +21 +22 +23 +35 +36 +38 +39 +40 +41 +42 +43 +45 +47 +48 +49 +51 @
>GCA_003181035.1
+35 +36 +38 +39 +40 +41 +42 +43 +45 +47 +48 +49 +51 +52 +53 +55 +56 +60 +61 +62 +66 +91 +92 +93 +94 +98 +99 +100 +101 +103 +104 +105 +107 +108 +109 +114 +115 +119 +1 +2 +10 +11 +14 +16 +18 +20 +21 +22 +23 @
>GCA_000258025.1
-107 -105 -104 -103 -101 -100 -99 -98 +119 +1 -10 -2 +11 +14 +16 +18 +20 +21 +22 +23 +35 +36 +38 +39 +40 +41 +42 +43 +45 +47 +48 +49 +51 +52 +53 +55 +56 +60 +61 +62 +66 +91 +92 +93 +94 -115 -114 -109 -108 @
>GCA_002853965.1
+11 +14 +16 +18 +20 +21 +22 +23 +35 +36 +38 +39 +40 +41 +42 +43 +45 +47 +48 +49 +51 +52 +53 +55 +56 -66 -62 -61 -60 +91 +92 +93 +94 +98 +99 +100 +101 +103 +104 +105 +107 +108 +109 +114 +115 +119 +1 +2 +10 @
>GCA_002310735.1
+10 +11 +14 +16 +18 +20 +21 +22 +23 +35 +36 +38 +39 +40 +41 +42 +43 +45 +47 +48 +49 +51 +52 +53 +55 +56 +60 +61 +62 +66 +91 +92 +93 +94 +98 +99 +100 +101 +103 +104 +105 +107 +108 +109 +114 +115 +119 +1 +2 @
>GCA_002055605.1
-11 -10 -2 -1 +14 +16 +18 +20 +21 +22 +23 +35 +36 +38 +39 +40 +41 +42 +43 +45 +47 +48 +49 +51 +52 +53 +55 +56 +60 +61 +62 +66 +91 +92 +93 +94 +98 +99 +100 +101 +103 +104 +105 +107 +108 +109 +114 +115 +119 @
>GCA_001936315.1
+11 +14 +16 +18 +20 +21 +22 +23 +35 +36 +38 +39 +40 +41 +42 +43 +45 +47 +48 +49 +51 +52 +53 +55 +56 -66 -62 -61 -60 +91 +92 +93 +94 +98 +99 +100 +101 +103 +104 +105 +107 +108 +109 +114 +115 +119 +1 +2 +10 @
>GCA_000184185.1
-107 -105 -104 -103 -101 -100 -99 -98 -94 -93 -92 -91 -66 -62 -61 -60 -56 -55 -53 -52 -51 -49 -48 -47 -45 -43 -42 -41 -40 -39 -38 -36 -35 -23 -22 -21 -20 -18 -16 -14 -11 -10 -2 -1 -119 -115 -114 -109 -108 @
>GCA_003546975.1
-62 -61 -60 -56 -55 -53 -52 -51 -49 -48 -47 -45 -43 -42 -41 -40 -39 -38 -36 -35 -23 -22 -21 -20 -18 -16 -14 -11 -10 -2 -1 -119 -115 -114 -109 -108 -107 -105 -104 -103 -101 -100 -99 -98 -94 -93 -92 -91 -66 @
>GCA_003571685.1
+94 +98 +99 +100 +101 +103 +104 +105 +107 +108 +109 +114 +115 +119 +1 +2 +10 +11 +14 +16 +18 +20 +21 +22 +23 +35 +36 +38 +39 +40 +41 +42 +43 +45 +47 +48 +49 +51 +52 +53 +55 +56 -66 -62 -61 -60 +91 +92 +93 @
>GCA_001900335.1
-23 -22 -21 -20 -18 -16 -14 -11 -10 -2 -1 -119 -115 -114 -109 -108 -107 -105 -104 -103 -101 -100 -99 -98 -94 -93 -92 -91 -66 -62 -61 -60 -56 -55 -53 -52 -51 -49 -48 -47 -45 -43 -42 -41 -40 -39 -38 -36 -35 @
>GCA_002310675.1
+10 +11 +14 +16 +18 +20 +21 +22 +23 +35 +36 +38 +39 +40 +41 +42 +43 +45 +47 +48 +49 +51 +52 +53 +55 +56 +60 +61 +62 +66 +91 +92 +93 +94 +98 +99 +100 +101 +103 +104 +105 +107 +108 +109 +114 +115 +119 +1 +2 @
>GCA_002240075.1
-109 -108 -107 -105 -104 -103 -101 -100 -99 -98 -94 -93 -92 -91 -66 +60 -62 -61 -56 -55 -53 -52 -51 -49 -48 -47 -45 -43 -42 -41 -40 -39 -38 -36 -35 -23 -22 -21 -20 -18 -16 -14 -11 -10 -2 -1 +119 +114 +115 @
>GCA_001580175.1
-107 -105 -104 -103 -101 -100 -99 -98 -94 -93 -92 -91 -66 +60 -62 -61 -56 -55 -53 -52 -51 -49 -48 -47 -45 -43 -42 -41 -40 -39 -38 -36 -35 -23 -22 -21 -20 -18 -16 -14 -11 -10 -2 -1 +119 +114 +115 -109 -108 @
>GCA_900092615.1
-107 -105 -104 -103 -101 -100 -99 +45 +47 +48 +49 +51 +52 +53 +55 +56 +60 +61 +62 +66 +91 +92 +93 +94 +98 -43 -42 -41 -40 -39 -38 -36 -35 -23 -22 -21 -20 -18 -16 -14 -11 -10 -2 -1 -119 -115 -114 -109 -108 @
>GCA_003112165.1
-107 -105 -104 -103 -101 -100 -99 -98 -94 -93 -92 -91 +52 +53 +55 +56 +60 +61 +62 +66 -51 -49 -48 -47 -45 -43 -42 -41 -40 -39 -38 -36 -35 -23 -22 -21 -20 -18 -16 -14 -11 -10 -2 -1 -119 -115 -114 -109 -108 @
>GCA_003265245.1
+10 -2 -1 -119 -115 -114 -109 -108 -107 -105 -104 -103 -101 -100 -99 -98 -94 -93 -92 -91 -66 +60 +61 +62 -56 -55 -53 -52 -51 -49 -48 -47 -45 -43 -42 -41 -40 -39 -38 -36 +35 -23 -22 -21 -20 +16 +18 -11 +14 @
>GCA_900474495.1
+11 +14 +16 +18 +20 +21 +22 +23 +35 +36 +38 +39 +40 +41 +42 +43 +45 +47 +48 +49 +51 +52 +53 +55 +56 +60 +61 +62 +66 +91 +92 +93 +94 +98 +99 +100 +101 +103 +104 +105 +107 +108 +109 +114 +115 +119 +1 +2 +10 @
>GCA_000285655.3
-107 -105 -104 -103 -101 -100 -99 -98 -94 -93 -92 -91 -66 -62 -61 -60 -56 -55 -53 -52 -51 -49 -48 -47 -45 -43 -42 -41 -40 -39 -38 -36 -35 -23 -22 -21 -20 -18 -16 -14 -11 -10 -2 -1 -119 -115 -114 -109 -108 @
>GCA_002012305.1
+35 +36 +38 +39 +40 +41 +42 +43 +45 +47 +48 +49 +51 +52 +53 +55 +56 +60 +61 +62 +66 +91 +92 +93 +94 +98 +99 +100 +101 +103 +104 +105 +107 +108 +109 +114 +115 +119 +1 +2 +10 +11 +14 +16 +18 +20 +21 +22 +23 @
>GCA_000783735.2
+1 +2 +10 +11 +18 -16 +14 +20 +21 +22 +23 +35 +36 +38 +39 +40 +41 +42 +43 +45 +47 +48 +49 +51 +52 +53 +55 +56 +60 +61 +62 +66 +91 +92 -94 -93 +98 +99 +100 +101 +103 +104 +105 +107 +108 +109 -115 -114 +119 @
>GCA_002763515.3
-107 -105 -104 -103 -101 -100 -99 -98 -94 -93 -92 -91 -66 -62 -61 -60 -56 -55 -53 -52 -51 -49 -48 -47 -45 -43 -42 -41 -40 -39 -38 -36 -35 -23 -22 -21 -20 -18 -16 -14 -11 -10 -2 -1 -119 -115 -114 -109 -108 @
>GCA_000017745.1
-107 -105 -104 -103 -101 -100 -99 -98 -94 -93 -92 -91 -66 -62 -61 -60 -56 -55 -53 -52 -51 -49 -48 -47 -45 -43 -42 -41 -40 -39 -38 -36 -35 -23 -22 -21 -20 -18 -16 -14 -11 -10 -2 -1 -119 -115 -114 -109 -108 @
>GCA_002240115.1
+98 +99 +100 +101 +103 +104 +105 +107 +108 +109 -115 -114 -119 +1 +2 -23 -22 -21 -20 -18 -16 -14 -11 -10 +35 +36 +38 +39 +40 +41 +42 +43 +45 +47 +48 +49 +51 +52 +53 +55 +56 +61 +62 -60 +66 +91 +92 +93 +94 @
>GCA_000005845.2
-107 -105 -104 -103 -101 -100 -99 -98 -94 -93 -92 -91 -66 -62 -61 -60 -56 -55 -53 -52 -51 -49 -48 -47 -45 -43 -42 -41 -40 -39 -38 -36 -35 -23 -22 -21 -20 -18 -16 -14 -11 -10 -2 -1 -119 -115 -114 -109 -108 @
>GCA_001901215.1
+35 +36 +38 +39 +40 +41 +42 +43 +45 +47 +48 +49 +51 +52 +53 +55 +56 +60 +61 +62 +66 +91 +92 +93 +94 -10 -2 -1 -119 -115 -114 -109 -108 -107 -105 -104 -103 -101 -100 -99 -98 +11 +14 +16 +18 +20 +21 +22 +23 @
>GCA_002142675.1
-23 -22 -21 -20 -18 -16 -14 -11 -10 -2 -1 -119 -115 -114 -109 -108 -107 -105 -104 -103 -101 -100 -99 -98 -94 -93 -92 -91 -66 -62 -61 -60 -56 -55 -53 -52 -51 -49 -48 -47 -45 -43 -42 -41 -40 -39 -38 -36 -35 @
>GCA_000813165.1
-56 -55 -53 -52 -51 -49 -48 -47 -45 -43 -42 -41 -40 -39 -38 -36 -35 -23 -22 -21 -20 -18 -16 -14 -11 -10 -2 -1 -119 -115 -114 -109 -108 -107 -105 -104 -103 -101 -100 -99 -98 -94 -93 -92 -91 -66 +60 +61 +62 @
>GCA_002310615.1
+10 +11 +14 +16 +18 +20 +21 +22 +23 +35 +36 +38 +39 +40 +41 +42 +43 +45 +47 +48 +49 +51 +52 +53 +55 +56 +60 +61 +62 +66 +91 +92 +93 +94 +98 +99 +100 +101 +103 +104 +105 +107 +108 +109 +114 +115 +119 +1 +2 @
>GCA_002163695.1
-55 -53 -52 -51 -49 -48 -47 -45 -43 -42 -41 -40 -39 -38 -36 -35 -23 -22 -21 -20 -18 -16 -14 -11 -10 -2 -1 -119 -115 -114 -109 -108 -107 -105 -104 -103 -101 -100 -99 -98 -94 -93 -92 -91 -66 -62 -61 -60 -56 @
>GCA_003342715.1
+91 +92 +93 +94 +98 +99 +100 +101 +103 +104 +105 +107 +108 +109 +114 +115 +119 +1 +2 +10 +11 +14 +16 +18 +20 +21 +22 +23 +35 +36 +38 +39 +40 +41 +42 +43 +45 +47 +48 +49 +51 +52 +53 +55 +56 +60 +61 +62 +66 @
>GCA_002860085.1
+91 +92 +93 +94 +98 +99 +100 +101 +103 +104 +105 +107 +108 +109 +114 +115 +119 +1 +2 +10 +11 +14 +16 +18 +20 +21 +22 +23 +35 +36 +38 +39 +40 +41 +42 +43 +45 +47 +48 +49 +51 +52 +53 +55 +56 +60 +61 +62 +66 @
>GCA_003571825.1
+91 +92 +93 +94 +98 +99 +100 +101 +103 +104 +105 +107 +108 +109 +114 +115 +119 +1 +2 +10 +11 +14 +16 +18 +20 +21 +22 +23 +35 +36 +38 +39 +40 +41 +42 +43 +45 +47 +48 +49 +51 +52 +53 +55 +56 +60 +61 +62 +66 @
>GCA_002786655.1
-35 -23 -22 -21 -20 -18 -16 -14 -11 -10 -2 -1 -119 -115 -114 -109 -108 -107 -105 -104 -103 -101 -100 -99 -98 -94 -93 -92 -91 -66 -62 -61 -60 -56 -55 -53 -52 -51 -49 -48 -47 -45 -43 -42 -41 -40 -39 -38 -36 @
>GCA_003180995.1
-62 -61 -60 +91 +92 +93 +94 +98 +99 +100 +101 +103 +104 +105 +107 +108 +109 +114 +115 +119 +1 +2 +10 +11 +14 +16 +18 +20 +21 +22 +23 +35 +36 +38 +39 +40 +41 +42 +43 +45 +47 +48 +49 +51 +52 +53 +55 +56 -66 @
>GCA_002278115.2
+11 +14 +16 +18 +20 +21 +22 +23 +35 +36 +38 +39 +40 +41 +42 +43 +45 +47 +48 +49 +51 +52 +53 +55 +56 +60 +61 +62 +66 +91 +92 +93 +94 +98 +99 +100 +101 +103 +104 +105 +107 +108 +109 +114 +115 +119 +1 +2 +10 @
>GCA_000012005.1
-103 -107 -105 -104 -101 -100 -99 -98 +92 +93 +94 +91 +56 -61 -60 -62 +66 -55 -53 -52 -51 -49 -48 -47 -45 -43 -42 -41 -40 -39 -38 +35 +36 -23 -22 +16 -18 +20 +21 +1 +2 +10 -11 -114 -115 +119 -14 -109 -108 @
>GCA_001901085.1
+91 +92 +93 +94 +98 +99 +100 +101 +103 +104 +105 +107 +108 +109 +114 +115 +119 +1 +2 +10 +11 +14 +16 +18 +20 +21 +22 +23 +35 +36 +38 +39 +40 +41 +42 +43 +45 +47 +48 +49 +51 +52 +53 +55 +56 +60 +61 +62 +66 @
>GCA_900474625.1
+11 +14 +16 +18 +20 +21 +22 +23 +35 +36 +38 +39 +40 +41 +42 +43 +45 +47 +48 +49 +51 +52 +53 +55 +56 +60 +61 +62 +66 +91 +92 +93 +94 +98 +99 +100 +101 +103 +104 +105 +107 +108 +109 +114 +115 +119 +1 +2 +10 @
>GCA_002310695.1
+10 +11 +14 +16 +18 +20 +21 +22 +23 +35 +36 +38 +39 +40 +41 +42 +43 +45 +47 +48 +49 +51 +52 +53 +55 +56 +60 +61 +62 +66 +91 +92 +93 +94 +98 +99 +100 +101 +103 +104 +105 +107 +108 +109 +114 +115 +119 +1 +2 @
>GCA_002116715.1
+119 +1 +2 +10 +11 +14 +16 +18 +20 +21 +22 +23 +35 +36 +38 +39 +40 +41 +42 +43 +45 +47 +48 +49 +51 +52 +53 +55 +56 +60 +61 +62 +66 +91 +92 +93 +94 +98 +99 +100 +101 +103 +104 +105 +107 +108 +109 +114 +115 @
>GCA_001900675.1
-66 -62 -61 -60 -56 -55 -53 -52 -51 -49 -48 -47 -45 -43 -42 -41 -40 -39 -38 -36 -35 -23 -22 -21 -20 -18 -16 -14 -11 -10 -2 -1 -119 -115 -114 -109 -108 -107 -105 -104 -103 -101 -100 -99 -98 -94 -93 -92 -91 @
>GCA_002787935.1
+60 +61 +62 +66 +91 +92 +93 +94 +98 +99 +100 +101 +103 +104 +105 +107 +108 +109 +114 +115 +119 +1 +2 +10 +11 +14 +16 +18 +20 +21 +22 +23 +35 +36 +38 +39 +40 +41 +42 +43 +45 +47 +48 +49 +51 +52 +53 +55 +56 @
>GCA_002494365.2
-94 -93 -92 -91 -66 +60 +61 +62 -56 -55 -53 -52 -51 -49 -48 -47 -45 -43 -42 -41 -40 -39 -38 -36 -35 -23 -22 -21 -20 -18 -16 -14 -11 -10 -2 -1 -119 -115 -114 -109 -108 -107 -105 -104 -103 -101 -100 -99 -98 @
>GCA_001900395.1
+35 +36 +38 +39 +40 +41 +42 +43 +45 +47 +48 +49 +51 +52 +53 +55 +56 +60 +61 +62 +66 +91 +92 +93 +94 +98 +99 +100 +101 +103 +104 +105 +107 +108 +109 +114 +115 +119 +1 +2 +10 +11 +14 +16 +18 +20 +21 +22 +23 @
>GCA_002011985.1
-42 -41 -40 -39 -38 -36 -35 -23 -22 -21 -20 -18 -16 -14 -11 -10 -2 -1 -119 -115 -114 -109 -108 -107 -105 -104 -103 -101 -100 -99 -98 -94 -93 -92 -91 -66 -62 -61 -60 -56 -55 -53 -52 -51 -49 -48 -47 -45 -43 @
>GCA_003112245.1
-107 -105 -104 -103 -101 -100 -99 -98 -94 -93 -92 -91 -66 -62 -61 -60 -56 -55 -53 -52 -51 -49 -48 -47 -45 -43 -42 -41 -40 -39 -38 -36 -35 -23 -22 -21 -20 -18 -16 -14 -11 -10 -2 -1 -119 -115 -114 -109 -108 @
>GCA_001610755.1
-107 -105 -104 -103 -101 -100 -99 -98 -94 -93 -92 -91 -66 -62 -61 -60 -56 -55 -53 -52 -51 -49 -48 -47 -45 -43 -42 -41 -40 -39 -38 -36 -35 -23 -22 -21 -20 -18 -16 -14 -11 -10 -2 -1 -119 -115 -114 -109 -108 @
>GCA_000022245.1
-107 -105 -104 -103 -101 -100 -99 -98 -94 -93 -92 -91 -66 +60 -62 -61 -56 -55 -53 -52 -51 -49 -48 -47 -45 -43 -42 -41 -40 -39 -38 -36 -35 -23 -22 -21 -20 -18 -16 -14 -11 -10 -2 -1 +119 +114 +115 -109 -108 @
>GCA_002310595.1
+10 +11 +14 +16 +18 +20 +21 +22 +23 +35 +36 +38 +39 +40 +41 +42 +43 +45 +47 +48 +49 +51 +52 +53 +55 +56 +60 +61 +62 +66 +91 +92 +93 +94 +98 +99 +100 +101 +103 +104 +105 +107 +108 +109 +114 +115 +119 +1 +2 @
>GCA_002357915.1
-107 -105 -104 -103 -101 -100 -99 -98 -94 -93 -92 -91 -66 -62 -61 -60 -56 -55 -53 -52 -51 -49 -48 -47 -45 -43 -42 -41 -40 -39 -38 -36 -35 -23 -22 -21 -20 -18 -16 -14 -11 -10 -2 -1 -119 -115 -114 -109 -108 @
>GCA_002215115.1
-107 -105 -104 -103 -101 -100 -99 -98 -94 -93 -92 -91 -66 -62 -61 -60 -56 -55 -53 -52 -51 -49 -48 -47 -45 -43 -42 -41 -40 -39 -38 -36 -35 -23 -22 -21 -20 -18 -16 -14 -11 -10 -2 -1 -119 -115 -114 -109 -108 @
>GCA_002156825.1
-107 -105 -104 -103 -101 -100 -99 -98 -94 -93 -92 -91 -66 -62 -61 -60 -56 -55 -53 -52 -51 -49 -48 -47 -45 -43 -42 -41 -40 -39 -38 -36 -35 -23 -22 -21 -20 -18 -16 -14 -11 -10 -2 -1 -119 -115 -114 -109 -108 @
>GCA_003287245.1
+60 +61 +62 +66 +91 +92 +93 +94 +98 +99 +100 +101 +103 +104 +105 +107 +108 +109 +114 +115 +119 +1 +2 +10 +11 +14 +16 +18 +20 +21 +22 +23 +35 +36 +38 +39 +40 +41 +42 +43 +45 +47 +48 +49 +51 +52 +53 +55 +56 @
>GCA_001901445.1
-43 -42 -41 -40 -39 -38 -36 -35 -23 -22 -21 -20 -18 -16 -14 -11 -10 -2 -1 -119 -115 -114 -109 -108 -107 -105 -104 -103 -101 -100 -99 -98 -94 -93 -92 -91 -66 -62 -61 -60 -56 -55 -53 -52 -51 -49 -48 -47 -45 @
>GCA_002180095.1
+119 +1 +2 +10 +11 +14 +16 +18 +20 +21 +22 +23 +35 +36 +38 +39 +40 +41 +42 +43 +45 +47 +48 +49 +51 +52 +53 +55 +56 +60 +61 +62 +66 +91 +92 +93 +94 +98 +99 +100 +101 +103 +104 +105 +107 +108 +109 +114 +115 @
>GCA_001029125.1
-107 -105 -104 -103 -101 -100 -99 -98 -94 -93 -92 -91 -66 -62 -61 -60 -56 -55 -53 -52 -51 -49 -48 -47 -45 -43 -42 -41 -40 -39 -38 -36 -35 -23 -22 -21 -20 -18 -16 -14 -11 -10 -2 -1 -119 -115 -114 -109 -108 @
>GCA_001900985.1
+91 +92 +93 +94 +98 +99 +100 +101 +103 +104 +105 +107 +108 +109 +114 +115 +119 +1 +2 +10 +11 +14 +16 +18 +20 +21 +22 +23 +35 +36 +38 +39 +40 +41 +42 +43 +45 +47 +48 +49 +51 +52 +53 +55 +56 +60 +61 +62 +66 @
>GCA_002164635.3
+60 +61 +62 +66 +91 +92 +93 +94 +98 +99 +100 +101 +103 +104 +105 +107 +108 +109 +114 +115 +119 +1 +2 +10 +11 +14 +16 +18 +20 +21 +22 +23 +35 +36 +38 +39 +40 +41 +42 +43 +45 +47 +48 +49 +51 +52 +53 +55 +56 @
>GCA_000219515.3
-107 -105 -104 -103 -101 -100 -99 -98 -94 -93 -92 -91 -66 -62 -61 -60 -56 -55 -53 -52 -51 -49 -48 -47 -45 -43 -42 -41 -40 -39 -38 -36 -35 -23 -22 -21 -20 -18 -16 -14 -11 -10 -2 -1 -119 -115 -114 -109 -108 @
>GCA_003073815.1
+91 +92 +93 +94 +98 +99 +100 +101 +103 +104 +105 +107 +108 +109 +114 +115 +119 +1 +2 +10 +11 +14 +16 +18 +20 +21 +22 +23 +35 +36 +38 +39 +40 +41 +42 +43 +45 +47 +48 +49 +51 +52 +53 +55 +56 +60 +61 +62 +66 @
>GCA_900174635.1
+11 +14 +16 +18 +20 +21 +22 +23 +35 +36 +38 +39 +40 +41 +42 +43 +45 +47 +48 +49 +51 +52 +53 +55 +56 +60 +61 +62 +66 +91 +92 +93 +94 +98 +99 +100 +101 +103 +104 +105 +107 +108 +109 +114 +115 +119 +1 +2 +10 @
>GCA_003402955.1
-10 -2 -1 -119 -115 -114 -109 -108 -107 -105 -104 -103 -101 -100 -99 -98 -94 -93 -92 -91 -66 -62 -61 -60 -56 -55 -53 -52 -51 -49 -48 -47 -45 -43 -42 -41 -40 -39 -38 -36 -35 -23 -22 -21 -20 -18 -16 -14 -11 @
>GCA_002948655.1
-98 -94 -93 -92 -91 -66 -62 -61 -60 -56 -55 -53 -52 -51 -49 -48 -47 -45 -43 -42 -41 -40 -39 -38 -36 -35 -23 -22 -21 -20 -18 -16 -14 -11 -10 -2 -1 -119 -115 -114 -109 -108 -107 -105 -104 -103 -101 -100 -99 @
>GCA_002012185.1
-42 -41 -40 -39 -38 -36 -35 -23 -22 -21 -20 -18 -16 -14 -11 -10 -2 -1 -119 -115 -114 -109 -108 -107 -105 -104 -103 -101 -100 -99 -98 -94 -93 -92 -91 -66 -62 -61 -60 -56 -55 -53 -52 -51 -49 -48 -47 -45 -43 @
>GCA_003351385.1
-11 -10 -2 -1 -119 -115 -114 -109 -108 -107 -105 -104 -103 -101 -100 -99 -98 -94 -93 -92 -91 -66 -62 -61 -60 -56 -55 -53 -52 -51 -49 -48 -47 -45 -43 -42 -41 -40 -39 -38 -36 -35 -23 -22 -21 -20 -18 -16 -14 @
>GCA_000020185.1
-107 -105 -104 -103 -101 -100 -99 -98 -94 -93 -92 -91 +56 -66 -62 -61 -60 -55 -53 -52 +51 -49 -48 -47 -45 -43 +38 +39 +40 +41 +42 -36 -35 -23 -22 -21 -20 +16 +18 +14 -11 +10 -2 -1 +119 +114 +115 -109 -108 @
>GCA_003288295.1
-107 -105 -104 -103 -101 -100 -99 -98 -94 -93 -92 -91 -66 -62 -61 -60 -56 -55 -53 -52 -51 -49 -48 -47 -45 -43 -42 -41 -40 -39 -38 -36 -35 -23 -22 -21 -20 -18 -16 -14 -11 -10 -2 -1 -119 -115 -114 -109 -108 @
>GCA_000967155.1
-107 -105 -104 -103 -101 -100 -99 -98 -94 -93 -92 -91 -66 -62 -61 -60 -56 -55 -53 -52 -51 -49 -48 -47 -45 -43 -42 -41 -40 -39 -38 -36 -35 -23 -22 -21 -20 -18 -16 -14 -11 -10 -2 -1 -119 -115 -114 -109 -108 @
>GCA_002237285.1
+11 +14 +16 +18 +20 +21 +22 +23 +35 +36 +38 +39 +40 +41 +42 +43 +45 +47 +48 +49 +51 +52 +53 +55 +56 +60 +61 +62 +66 +91 +92 +93 +94 +98 +99 +100 +101 +103 +104 +105 +107 +108 +109 +114 +115 +119 +1 +2 +10 @
>GCA_003288275.1
-107 -105 -104 -103 -101 -100 -99 -98 -94 -93 -92 -91 -66 -62 -61 -60 -56 -55 -53 -52 -51 -49 -48 -47 -45 -43 -42 -41 -40 -39 -38 -36 -35 -23 -22 -21 -20 -18 -16 -14 -11 -10 -2 -1 -119 -115 -114 -109 -108 @
>GCA_002863845.1
+11 +14 +16 +18 +20 +21 +22 +23 +35 +36 +38 +39 +40 +41 +42 +43 +45 +47 +48 +49 +51 +52 +53 +55 +56 +60 +61 +62 +66 +91 +92 +93 +94 +98 +99 +100 +101 +103 +104 +105 +107 +108 +109 +114 +115 +119 +1 +2 +10 @
>GCA_003095635.1
+114 +115 +119 +1 +2 +10 +11 +14 +16 +18 +20 +21 +22 +23 +35 +36 +38 +39 +40 +41 +42 +43 +45 +47 +48 +49 +51 +52 +53 +55 +56 +60 +61 +62 +66 +91 +92 +93 +94 +98 +99 +100 +101 +103 +104 +105 +107 +108 +109 @
>GCA_003073955.1
+1 +2 +10 +11 +14 +16 +18 +20 +21 +22 +23 +35 +36 +38 +39 +40 +41 +42 +43 +45 +47 +48 +49 +51 +52 +53 +55 +56 +60 +61 +62 +66 +91 +92 +93 +94 +98 +99 +100 +101 +103 +104 +105 +107 +108 +109 +114 +115 +119 @
>GCA_002854065.1
-10 -2 -1 -119 -115 -114 -109 -108 -107 -105 -104 -103 -101 -100 -99 -98 -94 -93 -92 -91 -66 -62 -61 -60 -56 -55 -53 -52 -51 -49 -48 -47 -45 -43 -42 -41 -40 -39 -38 -36 +35 -23 -22 -21 -20 -18 -16 -14 -11 @
>GCA_001900905.1
+35 +36 +38 +39 +40 +41 +42 +43 +45 +47 +48 +49 +51 +52 +53 +55 +56 +60 +61 +62 +66 +91 +92 +93 +94 +98 +99 +100 +101 +103 +104 +105 +107 +108 +109 +114 +115 +119 +1 +2 +10 +11 +14 +16 +18 +20 +21 +22 +23 @
>GCA_900174625.1
+11 +14 +16 +18 +20 +21 +22 +23 +35 +36 +38 +39 +40 +41 +42 +43 +45 +47 +48 +49 +51 +52 +53 +55 +56 +60 +61 +62 +66 +91 +92 +93 +94 +98 +99 +100 +101 +103 +104 +105 +107 +108 +109 +114 +115 +119 +1 +2 +10 @
>GCA_002442995.1
-107 -105 -104 -103 -101 -100 -99 -98 -94 -93 -92 -91 -66 +60 -62 -61 -56 -55 -53 -52 -51 -49 -48 -47 -45 -43 -42 -41 -40 -39 -38 -36 -35 -23 -22 -21 -20 -18 -16 +14 -11 -10 -2 -1 +119 +114 +115 -109 -108 @
>GCA_002224625.1
-43 -42 -41 -40 -39 -38 -36 +35 -23 -22 -21 -20 -18 -16 +11 +14 +10 -2 -1 -119 -115 -114 -109 -108 -107 -105 -104 -103 -101 -100 -99 -98 -94 -93 -92 -91 -66 +60 +61 +62 -56 -55 -53 -52 -51 -49 -48 -47 -45 @
>GCA_000743255.1
-56 -55 -53 -52 -51 -49 -48 -47 -45 +1 +2 +10 +11 +14 +16 +18 +20 +21 +22 +23 +35 +36 +38 +39 +40 +41 +42 +43 -119 -115 -114 -109 -108 -107 -105 -104 -103 -101 -100 -99 -98 +60 +61 +62 +66 +91 +92 +93 +94 @
>GCA_001900735.1
+11 +14 +16 +18 +20 +21 +22 +23 +35 +36 +38 +39 +40 +41 +42 +43 +45 +47 +48 +49 +51 +52 +53 +55 +56 +60 +61 +62 +66 +91 +92 +93 +94 +98 +99 +100 +101 +103 +104 +105 +107 +108 +109 +114 +115 +119 +1 +2 +10 @
>GCA_001900435.1
+10 +11 +14 +16 +18 +20 +21 +22 +23 +35 +36 +38 +39 +40 +41 +42 +43 +45 +47 +48 +49 +51 +52 +53 +55 +56 +60 +61 +62 +66 +91 +92 +93 +94 +98 +99 +100 +101 +103 +104 +105 +107 +108 +109 +114 +115 +119 +1 +2 @
>GCA_000019645.1
-107 -105 -104 -103 -101 -100 -99 -98 -94 -93 -92 -91 +60 +61 +62 +66 -56 -55 -53 -52 -51 -49 -48 -47 -45 -43 -42 -41 -40 -39 -38 -36 -35 -23 -22 -21 -20 -18 -16 -14 -11 -10 -2 -1 -119 -115 -114 -109 -108 @
>GCA_003030245.1
+119 +1 +2 +10 +11 +14 +16 +18 +20 +21 +22 +23 +35 +36 +38 +39 +40 +41 +42 +43 +45 +47 +48 +49 +51 +52 +53 +55 +56 +60 +61 +62 +66 +91 +92 +93 +94 +98 +99 +100 +101 +103 +104 +105 +107 +108 +109 +114 +115 @
>GCA_002953435.1
-62 -61 -60 -56 -55 -53 -52 -51 -49 -48 -47 -45 -43 -42 -41 -40 -39 -38 -36 -35 -23 -22 -21 -20 -18 -16 -14 -11 -10 -2 -1 -119 -115 -114 -109 -108 -107 -105 -104 -103 -101 -100 -99 -98 -94 -93 -92 -91 -66 @
>GCA_002811555.2
+11 +14 +16 +18 +20 +21 +22 +23 +35 +36 +38 +39 +40 +41 +42 +43 +45 +47 +48 +49 +51 +52 +53 +55 +56 +60 +61 +62 +66 +91 +92 +93 +94 +98 +99 +100 +101 +103 +104 +105 +107 +108 +109 +114 +115 +119 +1 +2 +10 @
>GCA_002215155.1
-107 -105 -104 -103 -101 -100 -99 -98 -94 -93 -92 -91 -66 -62 -61 -60 -56 -55 -53 -52 -51 -49 -48 -47 -45 -43 -42 -41 -40 -39 -38 -36 -35 -23 -22 -21 -20 -18 -16 -14 -11 -10 -2 -1 -119 -115 -114 -109 -108 @
>GCA_003180975.1
-36 -35 -23 -22 -21 -20 -18 -16 -14 -11 -10 -2 -1 -119 -115 -114 -109 -108 -107 -105 -104 -103 -101 -100 -99 -98 -94 -93 -92 -91 -66 -62 -61 -60 -56 -55 -53 -52 -51 -49 -48 -47 -45 -43 -42 -41 -40 -39 -38 @
>GCA_000148365.1
-107 -105 -104 -103 -101 -100 -99 -98 -94 -93 -92 -91 -66 -62 -61 -60 -56 -55 -53 -52 -51 -49 -48 -47 -45 -43 -42 -41 -40 -39 -38 -36 -35 -23 -22 -21 -20 -18 -16 -14 -11 -10 -2 -1 -119 -115 -114 -109 -108 @
>GCA_000019385.1
+11 +14 +16 +18 +20 +21 +22 +23 +35 +36 +38 +39 +40 +41 +42 +43 +45 +47 +48 +49 +51 +52 +53 +55 +56 +60 +61 +62 +66 +91 +92 +93 +94 +98 +99 +100 +101 +103 +104 +105 +107 +108 +109 +114 +115 +119 +1 +2 +10 @
>GCA_002893905.2
+91 +92 +93 +94 +98 +99 +100 +101 +103 +104 +105 +107 +108 +109 +114 +115 +119 +1 +2 +10 +11 +14 +16 +18 +20 +21 +22 +23 +35 +36 +38 +39 +40 +41 +42 +43 +45 +47 +48 +49 +51 +52 +53 +55 +56 -66 -62 -61 -60 @
>GCA_003204155.1
-56 -55 -53 -52 -51 -49 -48 -47 -45 -43 -42 -41 -40 -39 -38 -36 -35 -23 -22 -21 -20 -18 -16 -14 -11 -10 -2 -1 -119 +114 +115 -109 -108 -107 -105 -104 -103 -101 -100 -99 -98 -94 -93 -92 -91 -66 -62 -61 -60 @
>GCA_002201835.1
+91 +92 +93 +94 +98 +99 +100 +101 +103 +104 +105 +107 +108 +109 +114 +115 +119 +1 +2 +10 +11 +14 +16 +18 +20 +21 +22 +23 +35 +36 +38 +39 +40 +41 +42 +43 +45 +47 +48 +49 +51 +52 +53 +55 +56 +60 +61 +62 +66 @
>GCA_003855135.1
+1 +2 -10 +11 +14 +16 +18 +20 +21 +22 +23 +35 +36 +38 +39 +40 +41 +42 +43 +45 +47 +48 +49 +51 +52 +53 +55 +56 +61 +62 -60 +66 +91 +92 +93 +94 +98 +99 +100 +101 +103 +104 +105 +107 +108 +109 +114 +115 -119 @
>GCA_002214205.1
+11 +14 +16 +18 +20 +21 +22 +23 +35 +36 +38 +39 +40 +41 +42 +43 +45 +47 +48 +49 +51 +52 +53 +55 +56 +60 +61 +62 +66 +91 +92 +93 +94 +98 +99 +100 +101 +103 +104 +105 +107 +108 +109 +114 +115 +119 +1 +2 +10 @
>GCA_002357895.1
-107 -105 -104 -103 -101 -100 -99 -98 -94 -93 -92 -91 +60 +61 +62 +66 -56 -55 -53 -52 -51 -49 -48 -47 -45 -43 -42 -41 -40 -39 -38 -36 -35 -23 -22 -21 -20 -18 -16 -14 -11 -10 -2 -1 -119 -115 -114 -109 -108 @
>GCA_003204955.1
-115 -114 -109 -108 -107 -105 -104 -103 -101 -100 -99 -98 -94 -93 -92 -91 +60 +61 +62 +66 -56 -55 -53 -52 -51 -49 -48 -47 -45 -43 -42 -41 -40 -39 -38 -36 -35 -23 -22 -21 -20 -18 -16 -14 -11 -10 -2 -1 -119 @
>GCA_001515725.1
-107 -105 -104 -103 -101 -100 -99 -98 -94 -93 -92 -91 -66 +60 +61 +62 -56 -55 -53 -52 -51 -49 -48 -47 -45 -43 -42 -41 -40 -39 -38 -36 -35 -23 -22 -21 -20 -18 -16 -14 -11 -10 -2 -1 -119 -115 -114 -109 -108 @
>GCA_900474445.1
+11 +14 +16 +18 +20 +21 +22 +23 +35 +36 +38 +39 +40 +41 +42 +43 +45 +47 +48 +49 +51 +52 +53 +55 +56 +60 +61 +62 +66 +91 +92 +93 +94 +98 +99 +100 +101 +103 +104 +105 +107 +108 +109 +114 +115 +119 +1 +2 +10 @
>GCA_001579965.1
-107 -105 -104 -103 -101 -100 -99 -98 -94 -93 -92 -91 +56 +61 +62 -60 +66 -55 -53 -52 -51 -49 -48 -47 -45 -43 -42 -41 -40 -39 -38 -36 -35 -23 -22 -21 -20 -18 -16 -14 -11 -10 -2 -1 +119 +114 +115 -109 -108 @
>GCA_002142635.1
-66 +60 +61 +62 -56 -55 -53 -52 -51 -49 -48 -47 -45 -43 -42 -41 -40 -39 -38 -36 +35 -23 -22 -21 -20 -18 -16 +11 +14 +10 -2 -1 -119 -115 -114 -109 -108 -107 -105 -104 -103 -101 -100 -99 -98 -94 -93 -92 -91 @
>GCA_001559635.1
-10 -2 -1 -119 -115 -114 +108 +109 -107 -105 -104 -103 -101 -100 -99 -98 -94 -93 -92 -91 -66 -62 -61 -60 -56 -55 -53 -52 -51 -49 -48 -47 -45 -43 -42 -41 -40 -39 -38 +36 -35 -23 -22 -21 -20 -18 -16 -14 -11 @
>GCA_002591135.1
+55 +56 -66 -62 -61 -60 +91 +92 +93 +94 +98 +99 +100 +101 +103 +104 +105 +107 +108 +109 +114 +115 +119 +1 +2 +10 +11 +14 +16 +18 +20 +21 +22 +23 +35 +36 +38 +39 +40 +41 +42 +43 +45 +47 +48 +49 +51 +52 +53 @
>GCA_001566615.1
-107 -105 -104 -103 -101 -100 -99 -98 -94 -93 -92 -91 -66 -62 -61 -60 -56 -55 -53 -52 -51 -49 -48 -47 -45 -43 -42 -41 -40 -39 -38 -36 -35 -23 -22 -21 -20 -18 -16 -14 -11 -10 -2 -1 -119 -115 -114 -109 -108 @
>GCA_001566655.1
-107 -105 -104 -103 -101 -100 -99 -98 -94 -93 -92 -91 -66 -62 -61 -60 -56 -55 -53 -52 -51 -49 -48 -47 -45 -43 -42 -41 -40 -39 -38 -36 +35 -23 -22 -21 -20 -18 -16 -14 -11 -10 -2 -1 -119 -115 -114 -109 -108 @
>GCA_000010385.1
-107 -105 -104 -103 -101 -100 -99 -98 -94 -93 -92 -91 -66 -62 -61 -60 -56 -55 -53 -52 -51 -49 -48 -47 -45 -43 -42 -41 -40 -39 -38 -36 -35 -23 -22 -21 -20 -18 -16 -14 -11 -10 -2 -1 -119 -115 -114 -109 -108 @
>GCA_003336405.1
-62 -61 -60 -56 -55 -53 -52 -51 -49 -48 -47 -45 -43 -42 -41 -40 -39 -38 -36 -35 -23 -22 -21 -20 -18 -16 -14 -11 -10 -2 -1 -119 -115 -114 -109 -108 -107 -105 -104 -103 -101 -100 -99 -98 -94 -93 -92 -91 -66 @
>GCA_003325975.1
+11 +14 +16 +18 +20 +21 +22 +23 +35 +36 +38 +39 +40 +41 +42 +43 +45 +47 +48 +49 +51 +52 +53 +55 +56 -66 -62 -61 -60 +91 +92 +93 +94 +98 +99 +100 +101 +103 +104 +105 +107 +108 +109 +114 +115 +119 +1 +2 +10 @
>GCA_001558295.2
+45 +47 +48 +49 +51 +52 +53 +55 +56 -62 -61 -60 +66 +91 +92 +93 +94 +98 +99 +100 +101 +103 +104 +105 +107 +108 +109 +114 +115 +119 +1 +2 -10 -14 -11 +16 +18 +20 +21 +22 +23 -35 +36 +38 +39 +40 +41 +42 +43 @
>GCA_001900835.1
+98 +99 +100 +101 +103 +104 +105 +107 +108 +109 +114 +115 +119 +1 +2 +10 +11 +14 +16 +18 +20 +21 +22 +23 +35 +36 +38 +39 +40 +41 +42 +43 +45 +47 +48 +49 +51 +52 +53 +55 +56 -94 -93 -92 -91 -66 -62 -61 -60 @
>GCA_002787645.1
-10 -2 -1 -119 -115 -114 -109 -108 -107 -105 -104 -103 -101 -100 -99 -98 -94 -93 -92 -91 +60 +61 +62 +66 -56 -55 -53 -52 -51 -49 -48 -47 -45 -43 -42 -41 -40 -39 -38 -36 -35 -23 -22 -21 -20 -18 -16 -14 -11 @
>GCA_001683435.1
-62 -61 -60 -56 -55 -53 -52 -51 -49 -48 -47 -45 -43 -42 -41 -40 -39 -38 -36 -35 -23 -22 -21 -20 -18 -16 -14 -11 -10 -2 -1 -119 -115 -114 -109 -108 -107 -105 -104 -103 -101 -100 -99 -98 -94 -93 -92 -91 -66 @
>GCA_001280385.1
+11 +14 +16 +18 +20 +21 +22 +23 +35 +36 +38 +39 +40 +41 +42 +43 +45 +47 +48 +49 +51 +52 +53 +55 +56 +60 +61 +62 +66 +91 +92 +93 +94 +98 +99 +100 +101 +103 +104 +105 +107 +108 +109 +114 +115 +119 +1 +2 +10 @
>GCA_001901025.1
-62 -61 -60 -56 -55 -53 -52 -51 -49 -48 -47 -45 -43 -42 -41 -40 -39 -38 -36 -35 -23 -22 -21 -20 -18 -16 -14 -11 -10 -2 -1 -119 -115 -114 -109 -108 -107 -105 -104 -103 -101 -100 -99 -98 -94 -93 -92 -91 -66 @
>GCA_003203755.1
-107 -105 -104 -103 -101 -100 -99 -98 -94 -93 -92 -91 +60 +61 +62 +66 -56 -55 -53 -52 -51 -49 -48 -47 -45 -43 -42 -41 -40 -39 -38 -36 -35 -23 -22 -21 -20 -18 -16 -14 -11 -10 -2 -1 -119 -115 -114 -109 -108 @
>GCA_001901045.1
+66 +91 +92 +93 +94 +98 +99 +100 +101 +103 +104 +105 +107 +108 +109 +114 +115 +119 +1 +2 +10 +11 +14 +16 +18 +20 +21 +22 +23 +35 +36 +38 +39 +40 +41 +42 +43 +45 +47 +48 +49 +51 +52 +53 +55 +56 +60 +61 +62 @
>GCA_001577325.1
-107 -105 -104 -103 -101 -100 -99 -98 -94 -93 -92 -91 -66 -62 -61 -60 -56 -55 -53 -52 -51 -49 -48 -47 -45 -43 -42 -41 -40 -39 -38 -36 -35 -23 -22 -21 -20 -18 -16 -14 -11 -10 -2 -1 -119 -115 -114 -109 -108 @
>GCA_900186905.1
+11 +14 +16 +18 +20 +21 +22 +23 +35 +36 +38 +39 +40 +41 +42 +43 +45 +47 +48 +49 +51 +52 +53 +55 +56 +60 +61 +62 +66 +91 +92 +93 +94 +98 +99 +100 +101 +103 +104 +105 +107 +108 +109 +114 +115 +119 +1 +2 +10 @
>GCA_001542675.2
+14 +16 +18 +20 +21 +22 +23 +35 +36 +38 +39 +40 +41 +42 +43 +45 +47 +48 +49 +51 +52 +53 +55 +56 +60 +61 +62 +66 +91 +92 +93 +94 +98 +99 +100 +101 +103 +104 +105 +107 +108 +109 +114 +115 +119 +1 +2 +10 +11 @
>GCA_001901065.1
-94 -93 -92 -91 -66 -62 -61 -60 -56 -55 -53 -52 -51 -49 -48 -47 -45 -43 -42 -41 -40 -39 -38 -36 -35 -23 -22 -21 -20 -18 -16 -14 -11 -10 -2 -1 -119 -115 -114 -109 -108 -107 -105 -104 -103 -101 -100 -99 -98 @
>GCA_001901105.1
-94 -93 -92 -91 -66 -62 -61 -60 -56 -55 -53 -52 -51 -49 -48 -47 -45 -43 -42 -41 -40 -39 -38 -36 -35 -23 -22 -21 -20 -18 -16 -14 -11 +98 +99 +100 +101 +103 +104 +105 +107 +108 +109 +114 +115 +119 +1 +2 +10 @
>GCA_001900945.1
+10 +11 +14 +16 +18 +20 +21 +22 +23 +35 +36 +38 +39 +40 +41 +42 +43 +45 +47 +48 +49 +51 +52 +53 +55 +56 +60 +61 +62 +66 +91 +92 +93 +94 +98 +99 +100 +101 +103 +104 +105 +107 +108 +109 +114 +115 +119 +1 +2 @
>GCA_001644725.1
-56 -55 -53 -52 -51 -49 -48 -47 -45 -43 -42 -41 -40 -39 -38 -36 -35 -23 -22 -21 -20 -18 -16 -14 -11 -10 -2 -1 -119 -115 -114 -109 -108 -107 -105 -104 -103 -101 -100 -99 -98 -94 -93 -92 -91 -66 -62 -61 -60 @
>GCA_002224465.1
+45 +47 +48 +49 +51 +52 +53 +55 +56 -62 -61 -60 +66 +91 +92 +93 +94 +98 +99 +100 +101 +103 +104 +105 +107 +108 +109 +114 +115 +119 +1 +2 -10 -14 -11 +16 +18 +20 +21 +22 +23 -35 +36 +38 +39 +40 +41 +42 +43 @
>GCA_001900615.1
+10 +11 +14 +16 +18 +20 +21 +22 +23 +35 +36 +38 +39 +40 +41 +42 +43 +45 +47 +48 +49 +51 +52 +53 +55 +56 +60 +61 +62 +66 +91 +92 +93 +94 +98 +99 +100 +101 +103 +104 +105 +107 +108 +109 +114 +115 +119 +1 +2 @
>GCA_001513655.1
-107 -105 -104 -103 -101 -100 -99 -98 -94 -93 -92 -91 -66 -62 -61 -60 -56 -55 -53 -52 -51 -49 -48 -47 -45 -43 -42 -41 -40 -39 -38 -36 -35 -23 -22 -21 -20 -18 -16 -14 -11 -10 -2 -1 -119 -115 -114 -109 -108 @
>GCA_001900515.1
+91 +92 +93 +94 +98 +99 +100 +101 +103 +104 +105 +107 +108 +109 +114 +115 +119 +1 +2 +10 +11 +14 +16 +18 +20 +21 +22 +23 +35 +36 +38 +39 +40 +41 +42 +60 +61 +62 +43 +45 +47 +48 +49 +51 +52 +53 +55 +56 -66 @
>GCA_001901365.1
-66 -62 -61 -60 -56 -55 -53 -52 -51 -49 -48 -47 -45 -43 -42 -41 -40 -39 -38 -36 -35 -23 -22 -21 -20 -18 -16 -14 -11 -10 -2 -1 -119 -115 -114 -109 -108 -107 -105 -104 -103 -101 -100 -99 -98 -94 -93 -92 -91 @
>GCA_001901165.1
+11 +14 +16 +18 +20 +21 +22 +23 +35 +36 +38 +39 +40 +41 +42 +43 +45 +47 +48 +49 +51 +52 +53 +55 +56 +60 +61 +62 +66 +91 +92 +93 +94 +98 +99 +100 +101 +103 +104 +105 +107 +108 +109 +114 +115 +119 +1 +2 +10 @
>GCA_001901125.1
-62 -61 -60 -56 -55 -53 -52 -51 -49 -48 -47 -45 -43 -42 -41 -40 -39 -38 -36 -35 -23 -22 -21 -20 -18 -16 -14 -11 -10 -2 -1 -119 -115 -114 -109 -108 -107 -105 -104 -103 -101 -100 -99 -98 -94 -93 -92 -91 -66 @
>GCA_001677515.1
-107 -105 -104 -103 -101 -100 -99 -98 -94 -93 -92 -91 -66 -62 -61 -60 -56 -55 -53 -52 -51 -49 -48 -47 -45 -43 -42 -41 -40 -39 -38 -36 -35 -23 -22 -21 -20 -18 -16 -14 -11 -10 -2 -1 -119 -115 -114 -109 -108 @
>GCA_001678925.1
-10 -2 -1 -119 -115 -114 -109 -108 -107 -105 -104 -103 -101 -100 -99 -98 -94 -93 -92 -91 -66 -62 -61 -60 -56 -55 -53 -52 -51 -49 -48 -47 -45 -43 -42 -41 -40 -39 -38 -36 -35 -23 -22 -21 -20 -18 -16 -14 -11 @
>GCA_001693635.1
+66 +91 +92 +93 +94 +98 +99 +100 +101 +103 +104 +105 +107 +108 +109 +114 +115 +119 +1 +2 +10 +11 +14 +16 +18 +20 +21 +22 +23 +35 +36 +38 +39 +40 +41 +42 +43 +45 +47 +48 +49 +51 +52 +53 +55 +56 +60 +61 +62 @
>GCA_001675145.1
-107 -105 -104 -103 -101 -100 -99 -98 -94 -93 -92 -91 -66 -62 -61 -60 -56 -55 -53 -52 -51 -49 -48 -47 -45 -43 -42 -41 -40 -39 -38 -36 -35 -23 -22 -21 -20 -18 -16 -14 -11 -10 -2 -1 -119 -115 -114 -109 -108 @
>GCA_000026285.2
-107 -105 -104 -103 -101 -100 -99 -98 -94 -93 -92 -91 -66 -62 -61 -60 -56 -55 -53 -52 -51 -49 -48 -47 -45 -43 -42 -41 -40 -39 -38 -36 -35 -23 -22 -21 -20 -18 -16 -14 -11 -10 -2 -1 -119 -115 -114 -109 -108 @
>GCA_000258145.1
-107 -105 -104 -103 -101 -100 -99 -98 -94 -93 -92 -91 -66 -62 -61 -60 -56 -55 -53 -52 -51 -49 -48 -47 -45 -43 -42 -41 -40 -39 -38 -36 -35 -23 -22 -21 -20 -18 -16 -14 -11 -10 -2 -1 -119 -115 -114 -109 -108 @
>GCA_001663475.1
-23 -22 -21 -20 -18 -16 -14 -11 -10 -2 -1 -119 -115 -114 -109 -108 -107 -105 -104 -103 -101 -100 -99 -98 -94 -93 -92 -91 -66 -62 -61 -60 -56 -55 -53 -52 -51 -49 -48 -47 -45 -43 -42 -41 -40 -39 -38 -36 -35 @
>GCA_001027225.1
-107 -105 -104 -103 -101 -100 -99 -98 -94 -93 -92 -91 +60 +61 +62 +66 -56 -55 -53 -52 -51 -49 -48 -47 -45 -40 -39 -38 -43 +41 +42 +35 +36 -23 -22 -21 -20 -18 -16 -14 +11 -10 -2 -1 +119 +114 +115 -109 -108 @
>GCA_002796585.1
-66 -62 -61 -60 -56 -55 -53 -52 -51 -49 -48 -47 -45 -43 -42 -41 -40 -39 -38 -36 -35 -23 -22 -21 -20 -18 -16 -14 -11 -10 -2 -1 -119 -115 -114 -109 -108 -107 -105 -104 -103 -101 -100 -99 -98 -94 -93 -92 -91 @
>GCA_001660565.1
+11 +14 +16 +18 +20 +21 +22 +23 +35 +36 +38 +39 +40 +41 +42 +43 +45 +47 +48 +49 +51 +52 +53 +55 +56 -66 -62 -61 -60 +91 +92 +93 +94 +98 +99 +100 +101 +103 +104 +105 +107 +108 +109 +114 +115 +119 +1 +2 +10 @
>GCA_001618325.1
-62 -61 -60 -56 -55 -53 -52 -51 -49 -48 -47 -45 -43 -42 -41 -40 -39 -38 -36 -35 -23 -22 -21 -20 -18 -16 -14 -11 -10 -2 -1 -119 -115 -114 -109 -108 -107 -105 -104 -103 -101 -100 -99 -98 -94 -93 -92 -91 -66 @
>GCA_003031225.1
+91 +92 +93 +94 +98 +99 +100 +101 +103 +104 +105 +107 +108 +109 +114 +115 +119 +1 +2 +10 +11 +14 +16 +18 +20 +21 +22 +23 +35 +36 +38 +39 +40 +41 +42 +43 +45 +47 +48 +49 +51 +52 +53 +55 +56 +60 +61 +62 +66 @
>GCA_001596115.1
-10 -2 -1 -119 -115 -114 -109 -108 -107 -105 -104 -103 -101 -100 -99 -98 -94 -93 -92 -91 -66 -62 -61 -60 -56 -55 -53 -52 -51 -49 -48 -47 -45 -43 -42 -41 -40 -39 -38 -36 -35 -23 -22 -21 -20 -18 -16 -14 -11 @
>GCA_002310715.1
-2 -1 -119 -115 -114 -109 -108 -107 -105 -104 -103 -101 -100 -99 -98 -94 -93 -92 -91 -66 -62 -61 -60 -56 -55 -53 -52 -51 -49 -48 -47 -45 -43 -42 -41 -40 -39 -38 -36 -35 -23 -22 -21 -20 -18 -16 -14 -11 -10 @
>GCA_001900355.1
+91 +92 +93 +94 +98 +99 +100 +101 +103 +104 +105 +107 +108 +109 +114 +115 +119 +1 +2 +10 +11 +14 +16 +18 +20 +21 +22 +23 +35 +36 +38 +39 +40 +41 +42 +43 +45 +47 +48 +49 +51 +52 +53 +55 +56 +60 +61 +62 +66 @
>GCA_001900295.1
-23 -22 -21 -20 -18 -16 -14 -11 -10 -2 -1 -119 -115 -114 -109 -108 -107 -105 -104 -103 -101 -100 -99 -98 -94 -93 -92 -91 -66 -62 -61 -60 -56 -55 -53 -52 -51 -49 -48 -47 -45 -43 -42 -41 -40 -39 -38 -36 -35 @
>GCA_001280325.1
+11 +14 +16 +18 +20 +21 +22 +23 +35 +36 +38 +39 +40 +41 +42 +43 +45 +47 +48 +49 +51 +52 +53 +55 +56 +60 +61 +62 +66 +91 +92 +93 +94 +98 +99 +100 +101 +103 +104 +105 +107 +108 +109 +114 +115 +119 +1 +2 +10 @
>GCA_001442495.1
-66 -62 -61 -60 -56 -55 -53 -52 -51 -49 -48 -47 -45 -43 -42 -41 -40 -39 -38 -36 -35 -23 -22 -21 -20 -18 -16 -14 -11 -10 -2 -1 -119 -115 -114 -109 -108 -107 -105 -104 -103 -101 -100 -99 -98 -94 -93 -92 -91 @
>GCA_002310555.1
+10 +11 +14 +16 +18 +20 +21 +22 +23 +35 +36 +38 +39 +40 +41 +42 +43 +45 +47 +48 +49 +51 +52 +53 +55 +56 +60 +61 +62 +66 +91 +92 +93 +94 +98 +99 +100 +101 +103 +104 +105 +107 +108 +109 +114 +115 +119 +1 +2 @
>GCA_001735705.1
-2 -1 -119 -115 -114 -109 -108 -107 -105 -104 -103 -101 -100 -99 -98 -94 -93 -92 -91 -66 -62 -61 -60 -56 -55 -53 -52 -51 -49 -48 -47 -45 -43 -42 -41 -40 -39 -38 -36 -35 -23 -22 -21 -20 -18 -16 -14 -11 -10 @
>GCA_001721225.1
-62 -61 -60 +91 +92 +93 +94 +98 +99 +100 +101 +103 +104 +105 +107 +108 +109 +114 +115 +119 +1 +2 +10 +11 +14 +16 +18 +20 +21 +22 +23 +35 +36 +38 +39 +40 +41 +42 +43 +45 +47 +48 +49 +51 +52 +53 +55 +56 -66 @
>GCA_001276585.2
-107 -105 -104 -103 -101 -100 -99 -98 -94 -93 -92 -91 -66 -62 -61 -60 -56 -55 -53 -52 -51 -49 -48 -47 -45 -43 -42 -41 -40 -39 -38 -36 -35 -23 -22 -21 -20 -18 -16 -14 -11 -10 -2 -1 -119 -115 -114 -109 -108 @
>GCA_002302335.1
-107 -105 -104 -103 -101 -100 -99 -98 -94 -93 -92 -91 -66 -62 -61 -60 -56 -55 -53 -52 -51 -49 -48 -47 -45 -43 -42 -41 -40 -39 -38 -36 -35 -23 -22 -21 -20 -18 -16 -14 -11 -10 -2 -1 -119 -115 -114 -109 -108 @
>GCA_001051135.1
-107 -105 -104 -103 -101 -100 -99 -98 -94 -93 -92 -91 -66 -62 -61 -60 -56 -55 -53 -52 -51 -49 -48 -47 -45 -43 -42 -41 -40 -39 -38 -36 -35 -23 -22 -21 -20 -18 -16 -14 -11 -10 -2 -1 -119 -115 -114 -109 -108 @
>GCA_001039415.1
-107 -105 -104 -103 -101 -100 -99 -98 -94 -93 -92 -91 -66 -62 -61 -60 -56 -55 -53 -52 -51 -49 -48 -47 -45 -43 -42 -41 -40 -39 -38 -36 -35 -23 -22 -21 -20 -18 -16 -14 -11 -10 -2 -1 -119 -115 -114 -109 -108 @
>GCA_003073875.1
+60 +61 +62 +66 +91 +92 +93 +94 +98 +99 +100 +101 +103 +104 +105 +107 +108 +109 +114 +115 +119 +1 +2 +10 +11 +14 +16 +18 +20 +21 +22 +23 +35 +36 +38 +39 +40 +41 +42 +43 +45 +47 +48 +49 +51 +52 +53 +55 +56 @
>GCA_000725265.1
-66 -62 -61 -60 +91 +92 +93 +94 +98 +99 +100 +101 +103 +104 +105 +107 +108 +109 +114 +115 +119 +1 +2 +10 +11 +14 +16 +18 +20 +21 +22 +23 +35 +36 +38 +39 +40 +41 +42 +43 +45 +47 +48 +49 +51 +52 +53 +55 +56 @
>GCA_001007915.1
-56 -55 -53 -52 -51 -49 -48 -47 -45 -43 -42 -41 -40 -39 -38 -36 -35 -23 -22 -21 -20 -18 -16 -14 -11 -10 -2 -1 -119 -115 -114 -109 -108 -107 -105 -104 -103 -101 -100 -99 -98 -94 -93 -92 -91 +60 +61 +62 +66 @
>GCA_001021635.2
+11 +14 +16 +18 +20 +21 +22 +23 -119 -115 -114 -109 -108 -107 -105 -104 -103 -101 -100 -99 -98 -94 -93 -92 -91 -66 -62 -61 -60 -56 -55 -53 -52 -51 -49 -48 -47 -45 -43 -42 -41 -40 -39 -38 -36 -35 +1 +2 +10 @
>GCA_001901185.1
-62 -61 -60 -56 -55 -53 -52 -51 -49 -48 -47 -45 -43 -42 -41 -40 -39 -38 -36 -35 -23 -22 -21 -20 -18 -16 -14 -11 -10 -2 -1 -119 -115 -114 -109 -108 -107 -105 -104 -103 -101 -100 -99 -98 -94 -93 -92 -91 -66 @
>GCA_000987875.1
-107 -105 -104 -103 -101 -100 -99 -98 -94 -93 -92 -91 -66 -62 -61 -60 -56 -55 -53 -52 -51 -49 -48 -47 -45 -43 -42 -41 -40 -39 -38 -36 -35 -23 -22 -21 -20 -18 -16 -14 -11 -10 -2 -1 -119 -115 -114 -109 -108 @
>GCA_001518855.1
-107 -105 -104 -103 -101 -100 -99 -98 -94 -93 -92 -91 -66 +60 +61 +62 -56 -55 -53 -52 -51 -49 -48 -47 -45 -43 -42 -41 -40 -39 -38 -36 +35 -23 -22 -21 -20 -18 -16 +11 +14 +10 -2 -1 -119 -115 -114 -109 -108 @
>GCA_002788295.1
-66 -62 -61 -60 -56 -55 -53 -52 -51 -49 -48 -47 -45 -43 -42 -41 -40 -39 -38 -36 -35 -23 -22 -21 -20 -18 -16 -14 -11 -10 -2 -1 -119 -115 -114 -109 -108 -107 -105 -104 -103 -101 -100 -99 -98 -94 -93 -92 -91 @
>GCA_001308125.1
+108 +109 +114 +115 +119 +1 +2 +10 +11 +14 +16 +18 +20 +21 +22 +23 +35 +36 +38 +39 +40 +41 +42 +43 +45 +47 +48 +49 +51 +52 +53 +55 +56 +60 +61 +62 +66 +91 +92 +93 +94 +98 +99 +100 +101 +103 +104 +105 +107 @
>GCA_001900415.1
-43 -42 -41 -40 -39 -38 -36 -35 -23 -22 -21 -20 -18 -16 -14 -11 -10 -2 -1 -119 -115 -114 -109 -108 -107 -105 -104 -103 -101 -100 -99 -98 -94 -93 -92 -91 -66 -62 -61 -60 -56 -55 -53 -52 -51 -49 -48 -47 -45 @
>GCA_001280405.1
+11 +14 +16 +18 +20 +21 +22 +23 +35 +36 +38 +39 +40 +41 +42 +43 +45 +47 +48 +49 +51 +52 +53 +55 +56 +60 +61 +62 +66 +91 +92 +93 +94 +98 +99 +100 +101 +103 +104 +105 +107 +108 +109 +114 +115 +119 +1 +2 +10 @
>GCA_001280345.1
+11 +14 +16 +18 +20 +21 +22 +23 +35 +36 +38 +39 +40 +41 +42 +43 +45 +47 +48 +49 +51 +52 +53 +55 +56 +60 +61 +62 +66 +91 +92 +93 +94 +98 +99 +100 +101 +103 +104 +105 +107 +108 +109 +114 +115 +119 +1 +2 +10 @
>GCA_002393465.1
+36 +38 +39 +40 +41 +42 +43 +45 +47 +48 +49 +51 +52 +53 +55 +56 +60 +61 +62 +66 +91 +92 +93 +94 +98 +99 +100 +101 +103 +104 +105 +107 +108 +109 +114 +115 +119 +1 +2 +10 +11 +14 +16 +18 +20 +21 +22 +23 +35 @
>GCA_002393365.1
-66 -62 -61 -60 -56 -55 -53 -52 -51 -49 -48 -47 -45 -43 -42 -41 -40 -39 -38 -36 -35 -23 -22 -21 -20 -18 -16 -14 -11 -10 -2 -1 -119 -115 -114 -109 -108 -107 -105 -104 -103 -101 -100 -99 -98 -94 -93 -92 -91 @
>GCA_002302315.1
-107 -105 -104 -103 -101 -100 -99 -98 -94 -93 -92 -91 -66 -62 -61 -60 -56 -55 -53 -52 -51 -49 -48 -47 -45 -43 -42 -41 -40 -39 -38 -36 -35 -23 -22 -21 -20 -18 -16 -14 -11 -10 -2 -1 -119 +114 +115 -109 -108 @
>GCA_001900885.1
+91 +92 +93 +94 +98 +99 +100 +101 +103 +104 +105 +107 +108 +109 +114 +115 +119 +1 +2 +10 +11 +14 +16 +18 +20 +21 +22 +23 +35 +36 +38 +39 +40 +41 +42 +43 +45 +47 +48 +49 +51 +52 +53 +55 +56 +60 +61 +62 +66 @
>GCA_002310635.1
+10 +11 +14 +16 +18 +20 +21 +22 +23 +35 +36 +38 +39 +40 +41 +42 +43 +45 +47 +48 +49 +51 +52 +53 +55 +56 +60 +61 +62 +66 +91 +92 +93 +94 +98 +99 +100 +101 +103 +104 +105 +107 +108 +109 +114 +115 +119 +1 +2 @
>GCA_002163955.1
-51 -49 -48 -47 -45 -43 -42 -41 -40 -39 -38 -36 -35 -23 -22 -21 -20 -18 -16 -14 -11 -10 -2 -1 -119 -115 -114 -109 -108 -107 -105 -104 -103 -101 -100 -99 -98 -94 -93 -92 -91 -66 -62 -61 -60 -56 -55 -53 -52 @
>GCA_002310575.1
+10 +11 +14 +16 +18 +20 +21 +22 +23 -2 -1 +35 +36 +38 +39 +40 +41 +42 +43 +45 +47 +48 +49 +51 +52 +53 +55 +56 +60 +61 +62 +66 +91 +92 +93 +94 +98 +99 +100 +101 +103 +104 +105 +107 +108 +109 +114 +115 +119 @
>GCA_002844685.1
-107 -105 -104 -103 -101 -100 -99 -98 -94 -93 -92 -91 -66 -62 -61 -60 -56 -55 -53 -52 -51 -49 -48 -47 -45 -43 -42 -41 -40 -39 -38 -36 -35 -23 -22 -21 -20 -18 -16 -14 -11 -10 -2 -1 -119 -115 -114 -109 -108 @
>GCA_002077195.1
-107 -105 -104 -103 -101 -100 -99 -98 -94 -93 -92 -91 -66 -62 -61 -60 -56 -55 -53 -52 -51 -49 -48 -47 -45 -43 -42 -41 -40 -39 -38 -36 -35 -23 -22 -21 -20 -18 -16 -14 -11 -10 -2 -1 -119 -115 -114 -109 -108 @
>GCA_002787315.1
+61 +62 +66 +91 +92 +93 +94 +98 +99 +100 +101 +103 +104 +105 +107 +108 +109 +114 +115 +119 +1 +2 +10 +11 +14 +16 +18 +20 +21 +22 +23 +35 +36 +38 +39 +40 +41 +42 +43 +45 +47 +48 +49 +51 +52 +53 +55 +56 +60 @
>GCA_002787215.1
-36 -35 -23 -22 -21 -20 -18 -16 -14 -11 -10 -2 -1 -119 -115 -114 -109 -108 -107 -105 -104 -103 -101 -100 -99 -98 -94 -93 -92 -91 -66 -62 -61 -60 -56 -55 -53 -52 -51 -49 -48 -47 -45 -43 -42 -41 -40 -39 -38 @
>GCA_001900795.1
+1 +2 +10 +11 +14 +16 +18 +20 +21 +22 +23 +35 +36 +38 +39 +40 +41 +42 +43 +45 +47 +48 +49 +51 +52 +53 +55 +56 +60 +61 +62 +66 +91 +92 +93 +94 +98 +99 +100 +101 +103 +104 +105 +107 +108 +109 +114 +115 +119 @
>GCA_001901425.1
+91 +92 +93 +94 +98 +99 +100 +101 +103 +104 +105 +107 +108 +109 +114 +115 +119 +1 +2 +10 +11 +14 +16 +18 +20 +21 +22 +23 +35 +36 +38 +39 +40 +41 +42 -66 -62 -61 -60 -56 -55 -53 -52 -51 -49 -48 -47 -45 -43 @
>GCA_002142715.1
-66 -62 -61 -60 -56 -55 -53 -52 -51 -49 -48 -47 -45 -43 -42 -41 -40 -39 -38 -36 -35 -23 -22 -21 -20 -18 -16 -14 -11 -10 -2 -1 -119 -115 -114 -109 -108 -107 -105 -104 -103 -101 -100 -99 -98 -94 -93 -92 -91 @
>GCA_003254065.1
-2 -1 -119 -115 -114 -109 -108 -107 -105 -104 -103 -101 -100 -99 -98 -94 -93 -92 -91 -66 -62 -61 -60 -56 -55 -53 -52 -51 -49 -48 -47 -45 -43 -42 -41 -40 -39 -38 -36 -35 -23 -22 -21 -20 -18 -16 -14 -11 -10 @
>GCA_002079225.1
+11 -21 -20 -18 -16 -14 +22 +23 +35 +36 +38 +39 +40 +41 +42 +43 +45 +47 +48 +49 +51 +52 +53 +55 +56 +60 +61 +62 +66 +91 +92 +93 +94 +98 +99 +100 +101 +103 +104 +105 +107 +108 +109 +114 +115 +119 +1 +2 +10 @
>GCA_002078275.1
-94 -93 -92 -91 -66 -62 -61 -60 -56 -55 -53 -52 -51 -49 -48 -47 -45 -43 -42 -41 -40 -39 -38 -36 -35 -23 -22 -21 -20 -18 -16 -14 -11 -10 -2 -1 -119 -115 -114 -109 -108 -107 -105 -104 -103 -101 -100 -99 -98 @
>GCA_002180055.1
-16 -14 -11 -10 -2 -1 -119 -115 -114 -109 -108 -107 -105 -104 -103 -101 -100 -99 -98 -94 -93 -92 -91 -66 -62 -61 -60 -56 -55 -53 -52 -51 -49 -48 -47 -45 -43 -42 -41 -40 -39 -38 -36 -35 -23 -22 -21 -20 -18 @
>GCA_002105735.1
+11 +14 +16 +18 +20 +21 +22 +23 +35 +36 +38 +39 +40 +41 +42 +43 +45 +47 +48 +49 +51 +52 +53 +55 +56 -66 -62 -61 -60 +91 +92 +93 +94 +98 +99 +100 +101 +103 +104 +105 +107 +108 +109 +114 +115 +119 +1 +2 +10 @
>GCA_000299455.1
+11 +14 +16 +18 +20 +21 +22 +23 +35 +36 +38 +39 +40 +41 +42 +43 +45 +47 +48 +49 +51 +52 +53 +55 +56 +60 +61 +62 +66 +91 +92 +93 +94 +98 +99 +100 +101 +103 +104 +105 +107 +108 +109 +114 +115 +119 +1 +2 +10 @
>GCA_002237325.1
-107 -105 -104 -103 -101 -100 -99 -98 -94 -93 -92 -91 -66 -62 -61 -60 -56 -55 -53 -52 -51 -49 -48 -47 -45 -43 -42 -41 -40 -39 -38 -36 -35 -23 -22 -21 -20 -18 -16 -14 -11 -10 -2 -1 -119 -115 -114 -109 -108 @
>GCA_002237305.1
-107 -105 -104 -103 -101 -100 -99 -98 -94 -93 -92 -91 -66 -62 -61 -60 -56 -55 -53 -52 -51 -49 -48 -47 -45 -43 -42 -41 -40 -39 -38 -36 -35 -23 -22 -21 -20 -18 -16 -14 -11 -10 -2 -1 -119 -115 -114 -109 -108 @
>GCA_002180215.1
+119 +1 +2 +10 +11 +14 +16 +18 +20 +21 +22 +23 +35 +36 +38 +39 +40 +41 +42 +43 +45 +47 +48 +49 +51 +52 +53 +55 +56 +60 +61 +62 +66 +91 +92 +93 +94 +98 +99 +100 +101 +103 +104 +105 +107 +108 +109 +114 +115 @
>GCA_002192295.1
-56 -55 -53 -52 -51 -49 -48 -47 -45 -43 -42 -41 -40 -39 -38 -36 -35 -23 -22 -21 -20 -18 -16 -14 -11 -10 -2 -1 -119 -115 -114 -109 -108 -107 -105 -104 -103 -101 -100 -99 -98 -94 -93 -92 -91 -66 -62 -61 -60 @
>GCA_002192275.1
+60 +61 +62 +66 +91 +92 +93 +94 +98 +99 +100 +101 +103 +104 +105 +107 +108 +109 +114 +115 +119 +1 +2 +10 +11 +14 +16 +18 +20 +21 +22 +23 +35 +36 +38 +39 +40 +41 +42 +43 +45 +47 +48 +49 +51 +52 +53 +55 +56 @
>GCA_000468515.1
-107 -105 -104 -103 -101 -100 -99 -98 -94 -93 -92 -91 -66 -62 -61 -60 -56 -55 -53 -52 -51 -49 -48 -47 -45 -43 -42 -41 -40 -39 -38 -36 -35 -23 -22 -21 -20 -18 -16 -14 -11 -10 -2 -1 -119 -115 -114 -109 -108 @
>GCA_003073835.1
-10 -2 -1 -119 -115 -114 -109 -108 -107 -105 -104 -103 -101 -100 -99 -98 -94 -93 -92 -91 -66 -62 -61 -60 -56 -55 -53 -52 -51 -49 -48 -47 -45 -43 -42 -41 -40 -39 -38 -36 -35 -23 -22 -21 -20 -18 -16 -14 -11 @
>GCA_002180135.1
+20 +21 +22 +23 +35 +36 +38 +39 +40 +41 +42 +43 +45 +47 +48 +49 +51 +52 +53 +55 +56 +60 +61 +62 +66 +91 +92 +93 +94 +98 +99 +100 +101 +103 +104 +105 +107 +108 +109 +114 +115 +119 +1 +2 +10 +11 +14 +16 +18 @
>GCA_003288415.1
+11 +14 +16 +18 +20 +21 +22 +23 +35 +36 +38 +39 +40 +41 +42 +43 +45 +47 +48 +49 +51 +52 +53 +55 +56 +60 +61 +62 +66 +91 +92 +93 +94 +98 +99 +100 +101 +103 +104 +105 +107 +108 +109 +114 +115 +119 +1 +2 +10 @
>GCA_001900695.1
+66 +91 +92 +93 +94 +98 +99 +100 +101 +103 +104 +105 +107 +108 +109 +114 +115 +119 +1 +2 +10 +11 +14 +16 +18 +20 +21 +22 +23 +35 +36 +38 +39 +40 +41 +42 +43 +45 +47 +48 +49 +51 +52 +53 +55 +56 +60 +61 +62 @
>GCA_002215095.1
+108 +109 +114 +115 +119 +1 +2 +10 +11 +14 +16 +18 +20 +21 +22 +23 +35 +36 +38 +39 +40 +41 +42 +43 +45 +47 +48 +49 +51 +52 +53 +55 +56 +60 +61 +62 +66 +91 +92 +93 +94 +98 +99 +100 +101 +103 +104 +105 +107 @
>GCA_003355175.1
-56 -55 -53 -52 -51 -49 -48 -47 -45 -43 -42 -41 -40 -39 -38 -36 -35 -23 -22 -21 -20 -18 -16 -14 -11 -10 -2 -1 -119 -115 -114 -109 -108 -107 -105 -104 -103 -101 -100 -99 -98 -94 -93 -92 -91 -66 -62 -61 -60 @
>GCA_003176855.1
-107 -105 -104 -103 -101 -100 -99 -98 -94 -93 -92 -91 -66 -62 -61 -60 -56 -55 -53 -52 -51 -49 -48 -47 -45 -43 -42 -41 -40 -39 -38 -36 -35 -23 -22 -21 -20 -18 -16 -14 -11 -10 -2 -1 -119 -115 -114 -109 -108 @
>GCA_000183345.1
-107 -105 -104 -103 -101 -100 -99 -98 -94 -93 -92 -91 -66 -62 -61 -60 -56 -55 -53 -52 -51 -49 -48 -47 -45 -43 -42 -41 -40 -39 -38 -36 -35 -23 -22 -21 -20 -18 -16 -14 -11 -10 -2 -1 -119 -115 -114 -109 -108 @
>GCA_003122105.1
+11 +14 +16 +18 +20 +21 +22 +23 +35 +36 +38 +39 +40 +41 +42 +43 +45 +47 +48 +49 +51 +52 +53 +55 +56 +60 +61 +62 +66 +91 +92 +93 +94 +98 +99 +100 +101 +103 +104 +105 +107 +108 +109 +114 +115 +119 +1 +2 +10 @
>GCA_003591595.1
+11 +14 +16 +18 +20 +21 +22 +23 +35 +36 +38 +39 +40 +41 +42 +43 +45 +47 +48 +49 +51 +52 +53 +55 +56 +60 +61 +62 +66 +91 +92 +93 +94 +98 +99 +100 +101 +103 +104 +105 +107 +108 +109 +114 +115 +119 +1 +2 +10 @
>GCA_900184875.1
+14 +16 +18 +20 +21 +22 +23 +35 +36 +38 +39 +40 +41 +42 +43 +45 +47 +48 +49 +51 +52 +53 +55 +56 +60 +61 +62 +66 +91 +92 +93 +94 +98 +99 +100 +101 +103 +104 +105 +107 +108 +109 +114 +115 +119 +1 +2 +10 +11 @
>GCA_003111785.1
+60 +61 +62 +66 -51 -49 -48 -47 -45 -43 -42 -41 -40 -39 -38 -36 -35 -23 -22 -21 -20 -18 -16 -14 -11 -10 -2 -1 -119 -115 -114 -109 -108 -107 -105 -104 -103 -101 -100 -99 -98 -94 -93 -92 -91 +52 +53 +55 +56 @
>GCA_001420955.1
+66 +91 +92 +93 +94 +98 +99 +100 +101 +103 +104 +105 +107 +108 +109 +114 +115 +119 +1 +2 +10 +11 +14 +16 +18 +20 +21 +22 +23 +35 +36 +38 +39 +40 +41 +42 +43 +45 +47 +48 +49 +51 +52 +53 +55 +56 +60 +61 +62 @
>GCA_003571785.1
+14 +16 +18 +20 +21 +22 +23 +35 +36 +38 +39 +40 +41 +42 +43 +45 +47 +48 +49 +51 +52 +53 +55 +56 -66 -62 -61 -60 +91 +92 +93 +94 +98 +99 +100 +101 +103 +104 +105 +107 +108 +109 +114 +115 +119 +1 +2 +10 +11 @
>GCA_002078295.1
-94 -93 -92 -91 -66 -62 -61 -60 -56 -55 -53 -52 -51 -49 -48 -47 -45 -43 -42 -41 -40 -39 -38 -36 -35 -23 -22 -21 -20 -18 -16 -14 -11 -10 -2 -1 -119 -115 -114 -109 -108 -107 -105 -104 -103 -101 -100 -99 -98 @
>GCA_003491165.1
+11 +14 +16 +18 +20 +21 +22 +23 +35 +36 +38 +39 +40 +41 +42 +43 +45 +47 +48 +49 +51 +52 +53 +55 +56 +60 +61 +62 +66 +91 +92 +93 +94 +98 +99 +100 +101 +103 +104 +105 +107 +108 +109 +114 +115 +119 +1 +2 +10 @
>GCA_003410275.1
+101 +103 +104 +105 +107 +108 +109 +114 +115 +119 +1 +2 +10 +11 +14 +16 +18 +20 +21 +22 +23 +35 +36 +38 +39 +40 +41 +42 +43 +45 +47 +48 +49 +51 +52 +53 +55 +56 +60 +61 +62 +66 +91 +92 +93 +94 +98 +99 +100 @
>GCA_002850675.4
+11 +14 +16 +18 +20 +21 +22 +23 +35 +36 +38 +39 +40 +41 +42 +43 +45 +47 +48 +49 +51 +52 +53 +55 +56 +60 +61 +62 +66 +91 +92 +93 +94 +98 +99 +100 +101 +103 +104 +105 +107 +108 +109 +114 +115 +119 +1 +2 +10 @
>GCA_002855415.1
+11 +14 +16 +18 +20 +21 +22 +23 +35 +36 +38 +39 +40 +41 +42 +43 +45 +47 +48 +49 +51 +52 +53 +55 +56 +60 +61 +62 +66 +91 +92 +93 +94 +98 +99 +100 +101 +103 +104 +105 +107 +108 +109 +114 +115 +119 +1 +2 +10 @
>GCA_003571765.1
+11 +14 +16 +18 +20 +21 +22 +23 +35 +36 +38 +39 +40 +41 +42 +43 +45 +47 +48 +49 +51 +52 +53 +55 +56 +60 +61 +62 +66 +91 +92 +93 +94 +98 +99 +100 +101 +103 +104 +105 +107 +108 +109 +114 +115 +119 +1 +2 +10 @
>GCA_001900925.1
-66 -62 -61 -60 -56 -55 -53 -52 -51 -49 -48 -47 -45 -43 -42 -41 -40 -39 -38 -36 -35 -23 -22 -21 -20 -18 -16 -14 -11 -10 -2 -1 -119 -115 -114 -109 -108 -107 -105 -104 -103 -101 -100 -99 -98 -94 -93 -92 -91 @
>GCA_003491265.1
+11 +14 +16 +18 +20 +21 +22 +23 -115 -114 -109 -108 -107 -105 -104 -103 -101 -100 -99 -98 -94 -93 -92 -91 -66 -62 -61 -60 -56 -55 -53 -52 -51 -49 -48 -47 -45 -43 -42 -41 -40 -39 -38 -36 -35 +119 +1 +2 +10 @
>GCA_002903125.1
+60 +61 +62 +66 +91 +92 +93 +94 +98 +99 +100 +101 +103 +104 +105 +107 +108 +109 +114 +115 +119 +1 +2 +10 +11 +14 +16 +18 +20 +21 +22 +23 +35 +36 +38 +39 +40 +41 +42 +43 +45 +47 +48 +49 +51 +52 +53 +55 +56 @
>GCA_001693315.1
+45 +47 +48 +49 +51 +52 +53 +55 +56 +60 +61 +62 +66 +91 +92 +93 +94 +98 +99 +100 +101 +103 +104 +105 +107 +108 +109 +114 +115 +119 +1 +2 +10 +11 +14 +16 +18 +20 +21 +22 +23 +35 +36 +38 +39 +40 +41 +42 +43 @
>GCA_001900555.1
-119 -115 -114 -109 -108 -107 -105 -104 -103 -101 -100 -99 -98 -94 -93 -92 -91 -66 -62 -61 -60 -56 -55 -53 -52 -51 -49 -48 -47 -45 -43 -42 -41 -40 -39 -38 -36 -35 -23 -22 -21 -20 -18 -16 -14 -11 -10 -2 -1 @
>GCA_002944935.1
-66 -62 -61 -60 -56 -55 -53 -52 -51 -49 -48 -47 -45 -43 -42 -41 -40 -39 -38 -36 -35 -23 -22 -21 -20 -18 -16 -14 -11 -10 -2 -1 -119 -115 -114 -109 -108 -107 -105 -104 -103 -101 -100 -99 -98 -94 -93 -92 -91 @
>GCA_002945135.2
+11 +14 +16 +18 +20 +21 +22 +23 +35 +36 +38 +39 +40 +41 +42 +43 +45 +47 +48 +49 +51 +52 +53 +55 +56 +60 +61 +62 +66 +91 +92 +93 +94 +98 +99 +100 +101 +103 +104 +105 +107 +108 +109 +114 +115 +119 +1 +2 +10 @
>GCA_002860105.1
+11 +14 +16 +18 +20 +21 +22 +23 +35 +36 +38 +39 +40 +41 +42 +43 +45 +47 +48 +49 +51 +52 +53 +55 +56 +60 +61 +62 +66 +91 +92 +93 +94 +98 +99 +100 +101 +103 +104 +105 +107 +108 +109 +114 +115 +119 +1 +2 +10 @
>GCA_002870165.1
+11 +14 +16 +18 +20 +21 +22 +23 +35 +36 +38 +39 +40 +41 +42 +43 +45 +47 +48 +49 +51 +52 +53 +55 +56 +60 +61 +62 +66 +91 +92 +93 +94 +98 +99 +100 +101 +103 +104 +105 +107 +108 +109 +114 +115 +119 +1 +2 +10 @
>GCA_003112185.1
-107 -105 -104 -103 -101 -100 -99 -98 -94 -93 -92 -91 -66 -62 -61 -60 -56 -55 -53 -52 -51 -49 -48 -47 -45 -43 -42 -41 -40 -39 -38 -36 -35 -23 -22 -21 -20 -18 -16 -14 +1 +2 +10 +11 -119 -115 -114 -109 -108 @
>GCA_002164645.2
+11 +14 +16 +18 +20 +21 +22 +23 +35 +36 +38 +39 +40 +41 +42 +43 +45 +47 +48 +49 +51 +52 +53 +55 +56 +60 +61 +62 +66 +91 +92 +93 +94 +98 +99 +100 +101 +103 +104 +105 +107 +108 +109 +114 +115 +119 +1 +2 +10 @
>GCA_003112205.1
-107 -105 -104 -103 -101 -100 -99 -98 -94 -93 -92 -91 -66 -62 -61 -60 -56 -55 -53 -52 -51 -49 -48 -47 -45 -43 -42 -41 -40 -39 -38 -36 -35 -23 -22 -21 -20 -18 -16 -14 -11 -10 -2 -1 -119 -115 -114 -109 -108 @
>GCA_003044015.1
-2 -1 -119 -115 -114 -109 -108 -107 -105 -104 -103 -101 -100 -99 -98 -94 -93 -92 -91 -66 -62 -61 -60 -56 -55 -53 -52 -51 -49 -48 -47 -45 -43 -42 -41 -40 -39 -38 -36 -35 -23 -22 -21 -20 -18 -16 -14 -11 -10 @
>GCA_002009315.1
-38 -36 -35 -23 -22 -21 -20 -18 -16 -14 -11 -10 -2 -1 -119 -115 -114 -109 -108 -107 -105 -104 -103 -101 -100 -99 -98 -94 -93 -92 -91 -66 -62 -61 -60 -56 -55 -53 -52 -51 -49 -48 -47 -45 -43 -42 -41 -40 -39 @
>GCA_002999075.1
+60 +61 +62 +66 +91 +92 +93 +94 +98 +99 +100 +101 +103 +104 +105 +107 +108 +109 +114 +115 +119 +1 +2 +10 +11 +14 +16 +18 +20 +21 +22 +23 +35 +36 +38 +39 +40 +41 +42 +43 +45 +47 +48 +49 +51 +52 +53 +55 +56 @
>GCA_002968715.1
+66 +91 +92 +93 +94 +98 +99 +100 +101 +103 +104 +105 +107 +108 +109 +114 +115 +119 +1 +2 +10 +11 +14 +16 +18 +20 +21 +22 +23 +35 +36 +38 +39 +40 +41 +42 +43 +45 +47 +48 +49 +51 +52 +53 +55 +56 +60 +61 +62 @
>GCA_003043915.1
-2 -1 -119 -115 -114 -109 -108 -107 -105 -104 -103 -101 -100 -99 -98 -94 -93 -92 -91 -66 -62 -61 -60 -56 -55 -53 -52 -51 -49 -48 -47 -45 -43 -42 -41 -40 -39 -38 -36 -35 -23 -22 -21 -20 -18 -16 -14 -11 -10 @
>GCA_000831565.1
-107 -105 -104 -103 -101 -100 -99 -98 -94 -93 -92 -91 -66 -62 -61 -60 -56 -55 -53 -52 -51 -49 -48 -47 -45 -43 -42 -41 -40 -39 -38 -36 -35 -23 -22 -21 -20 -18 -16 -14 -11 -10 -2 -1 -119 -115 -114 -109 -108 @
>GCA_000819645.1
-107 -105 -104 -103 -101 -100 -99 -98 -94 -93 -92 -91 -66 -62 -61 -60 -56 -55 -53 -52 -51 -49 -48 -47 -45 -43 -42 -41 -40 -39 -38 -36 -35 -23 -22 -21 -20 -18 -16 -14 -11 -10 -2 -1 -119 -115 -114 -109 -108 @
>GCA_001679985.1
-62 -61 -60 -56 -55 -53 -52 -51 -49 -48 -47 -45 -43 -42 -41 -40 -39 -38 -36 -35 -23 -22 -21 -20 -18 -16 -14 -11 -10 -2 -1 -119 -115 -114 -109 -108 -107 -105 -104 -103 -101 -100 -99 -98 -94 -93 -92 -91 -66 @
>GCA_001566635.1
-107 -105 -104 -103 -101 -100 -99 -98 -94 -93 -92 -91 -66 -62 -61 -60 -56 -55 -53 -52 -51 -49 -48 -47 -45 -43 -42 -41 -40 -39 -38 -36 -35 -23 -22 -21 -20 -18 -16 -14 -11 -10 -2 -1 -119 -115 -114 -109 -108 @
>GCA_000464955.2
-10 -2 -1 -119 -115 -114 -109 -108 -107 -105 -104 -103 -101 -100 -99 -98 -94 -93 -92 -91 -66 -62 -61 -60 -56 -55 -53 -52 -51 -49 -48 -47 -45 -43 -42 -41 -40 -39 -38 -36 -35 -23 -22 -21 -20 -18 -16 -14 -11 @
>GCA_001901005.1
-94 -93 -92 -91 -66 -62 -61 -60 -56 -55 -53 -52 -51 -49 -48 -47 -45 -43 -42 -41 -40 -39 -38 -36 -35 -23 -22 -21 -20 -18 -16 -14 -11 -10 -2 -1 -119 -115 -114 -109 -108 -107 -105 -104 -103 -101 -100 -99 -98 @
>GCA_001021615.1
-66 -62 -61 -60 -56 -55 -53 -52 -51 -49 -48 -47 -45 -43 -42 -41 -40 -39 -38 -36 -35 -23 -22 -21 -20 -18 -16 -14 -11 -10 -2 -1 -119 -115 -114 -109 -108 -107 -105 -104 -103 -101 -100 -99 -98 -94 -93 -92 -91 @
>GCA_000017765.1
-107 -105 -104 -103 -101 -100 -99 -98 -94 -93 -92 -91 -66 -62 -61 -60 -56 -55 -53 -52 -51 -49 -48 -47 -45 -43 -42 -41 -40 -39 -38 -36 -35 -23 -22 -21 -20 -18 -16 -14 -11 -10 -2 -1 -119 -115 -114 -109 -108 @
>GCA_001886935.1
+11 +14 +16 +18 +20 +21 +22 +23 +35 +36 +38 +39 +40 +41 +42 +43 +45 +47 +48 +49 +51 +52 +53 +55 +56 +60 +61 +62 +66 +91 +92 +93 +94 +98 +99 +100 +101 +103 +104 +105 +107 +108 +109 +114 +115 +119 +1 +2 +10 @
>GCA_001888075.1
+92 +93 +94 +98 +99 +100 +101 +103 +104 +105 +107 +108 +109 +114 +115 +119 +1 +2 +10 +11 +14 +16 +18 +20 +21 +22 +23 +35 +36 +38 +39 +40 +41 +42 +43 +45 +47 +48 +49 +51 +52 +53 +55 +56 +60 +61 +62 +66 +91 @
>GCA_002966755.1
-2 -1 -119 -115 -114 -109 -108 -107 -105 -104 -103 -101 -100 -99 -98 -94 -93 -92 -91 -66 -62 -61 -60 -56 -55 -53 -52 -51 -49 -48 -47 -45 -43 -42 -41 -40 -39 -38 -36 -35 -23 -22 -21 -20 -18 -16 -14 -11 -10 @
>GCA_000026265.1
-107 -105 -104 -103 -101 -100 -99 -98 -94 -93 -92 -91 -66 -62 -61 -60 -56 -55 -53 -52 -51 -49 -48 -47 -45 -43 -42 -41 -40 -39 -38 -36 -35 -23 -22 -21 -20 -18 -16 -14 -11 -10 -2 -1 -119 -115 -114 -109 -108 @
>GCA_000025745.1
-107 -105 -104 -103 -101 -100 -99 -98 -94 -93 -92 -91 -66 -62 -61 -60 -56 -55 -53 -52 -51 -49 -48 -47 -45 -43 -42 -41 -40 -39 -38 -36 -35 -23 -22 -21 -20 -18 -16 -14 -11 -10 -2 -1 -119 -115 -114 -109 -108 @
>GCA_003020885.1
-107 -105 -104 -103 -101 -100 -99 -98 -94 -93 -92 -91 -66 -62 -61 -60 -56 -55 -53 -52 -51 -49 -48 -47 -45 -43 -42 -41 -40 -39 -38 -36 -35 -23 -22 -21 -20 -18 -16 -14 -11 -10 -2 -1 -119 -115 -114 -109 -108 @
>GCA_000026245.1
-107 -105 -104 -103 -101 -100 -99 -98 -94 -93 -92 -91 -66 -62 -61 -60 -56 -55 -53 -52 -51 -49 -48 -47 -45 -43 -42 -41 -40 -39 -38 -36 -35 -23 -22 -21 -20 -18 -16 -14 -11 -10 -2 -1 -119 -115 -114 -109 -108 @
>GCA_000010485.1
-107 -105 -104 -103 -101 -100 -99 -98 -94 -93 -92 -91 -66 -62 -61 -60 -56 -55 -53 -52 -51 -49 -48 -47 -45 -43 -42 -41 -40 -39 -38 -36 -35 -23 -22 -21 -20 -18 -16 -14 -11 -10 -2 -1 -119 -115 -114 -109 -108 @
>GCA_000245515.1
-107 -105 -104 -103 -101 -100 -99 -98 -94 -93 -92 -91 -66 -62 -61 -60 -56 -55 -53 -52 -51 -49 -48 -47 -45 -43 -42 -41 -40 -39 -38 -36 -35 -23 -22 -21 -20 -18 -16 -14 -11 -10 -2 -1 -119 -115 -114 -109 -108 @
>GCA_000014845.1
-107 -105 -104 -103 -101 -100 -99 -98 -94 -93 -92 -91 -66 -62 -61 -60 -56 -55 -53 -52 -51 -49 -48 -47 -45 -43 -42 -41 -40 -39 -38 -36 -35 -23 -22 -21 -20 -18 -16 -14 -11 -10 -2 -1 -119 -115 -114 -109 -108 @
>GCA_000091005.1
-107 -105 -104 -103 -101 -100 -99 -98 -94 -93 -92 -91 -66 -62 -61 -60 -56 -55 -53 -52 -51 -49 -48 -47 -45 -43 -42 -41 -40 -39 -38 -36 -35 -23 -22 -21 -20 -18 -16 -14 +1 +2 +10 +11 -119 -115 -114 -109 -108 @
>GCA_001021595.1
-66 -62 -61 -60 -56 -55 -53 -52 -51 -49 -48 -47 -45 -43 -42 -41 -40 -39 -38 -36 -35 -23 -22 -21 -20 -18 -16 -14 -11 -10 -2 -1 -119 -115 -114 -109 -108 -107 -105 -104 -103 -101 -100 -99 -98 -94 -93 -92 -91 @
>GCA_001900715.1
-2 -1 -119 -115 -114 -109 -108 -107 -105 -104 -103 -101 -100 -99 -98 -94 -93 -92 -91 -66 -62 -61 -60 -56 -55 -53 -52 -51 -49 -48 -47 -45 -43 -42 -41 -40 -39 -38 -36 -35 -23 -22 -21 -20 -18 -16 -14 -11 -10 @
>GCA_002012105.1
+35 +36 +38 +39 +40 +41 +42 +43 +45 +47 +48 +49 +51 +52 +53 +55 +56 +60 +61 +62 +66 +91 +92 +93 +94 +98 +99 +100 +101 +103 +104 +105 +107 +108 +109 +114 +115 +119 +1 +2 +10 +11 +14 +16 +18 +20 +21 +22 +23 @
>GCA_002844165.1
+52 +53 +55 +56 +60 +61 +62 +66 +91 +92 +93 +94 +98 +99 +100 +101 +103 +104 +105 +107 +108 +109 +114 +115 +119 +1 +2 +10 +11 +14 +16 +18 +20 +21 +22 +23 +35 +36 +38 +39 +40 +41 +42 +43 +45 +47 +48 +49 +51 @
>GCA_002012045.1
-62 -61 -60 -56 -55 -53 -52 -51 -49 -48 -47 -45 -43 +66 +91 +92 +93 +94 +98 +99 +100 +101 +103 +104 +105 +107 +108 +109 +114 +115 +119 +1 +2 +10 +11 +14 +16 +18 +20 +21 +22 +23 +35 +36 +38 +39 +40 +41 +42 @
>GCA_002803805.2
+66 +91 +92 +93 +94 +98 +99 +100 +101 +103 +104 +105 +107 +108 +109 +114 +115 +119 +1 +2 +10 +11 +14 +16 +18 +20 +21 +22 +23 +35 +36 +38 +39 +40 +41 +42 +43 +45 +47 +48 +49 +51 +52 +53 +55 +56 +60 +61 +62 @
>GCA_001901465.1
+91 +92 +93 +94 +98 +99 +100 +101 +103 +104 +105 +107 +108 +109 +114 +115 +119 +1 +2 +10 +11 +14 +16 +18 +20 +21 +22 +23 +35 +36 +38 +39 +40 +41 +42 +43 +45 +47 +48 +49 +51 +52 +53 +55 +56 +60 +61 +62 +66 @
>GCA_001900655.1
-119 -115 -114 -109 -108 -107 -105 -104 -103 -101 -100 -99 -98 -94 -93 -92 -91 -66 -62 -61 -60 -56 -55 -53 -52 -51 -49 -48 -47 -45 -43 -42 -41 -40 -39 -38 -36 -35 -23 -22 -21 -20 -18 -16 -14 -11 -10 -2 -1 @
>GCA_002761835.1
+11 +14 +16 +18 +20 +21 +22 +23 +35 +36 +38 +39 +40 +41 +42 +43 +45 +47 +48 +49 +51 +52 +53 +55 +56 +60 +61 +62 +66 +91 +92 +93 +94 +98 +99 +100 +101 +103 +104 +105 +107 +108 +109 +114 +115 +119 +1 +2 +10 @
>GCA_001678965.1
-107 -105 -104 -103 -101 -100 -99 -98 -94 -93 -92 -91 -66 -62 -61 -60 -56 -55 -53 -52 -51 -49 -48 -47 -45 -43 -42 -41 -40 -39 -38 -36 -35 -23 -22 -21 -20 -18 -16 -14 -11 -10 -2 -1 -119 -115 -114 -109 -108 @
>GCA_001860505.1
+119 +1 +2 +10 +11 +14 +16 +18 +20 +21 +22 +23 +35 +36 +38 +39 +40 +41 +42 +43 +45 +47 +48 +49 +51 +52 +53 +55 +56 +60 +61 +62 +66 +91 +92 +93 +94 +98 +99 +100 +101 +103 +104 +105 +107 +108 +109 +114 +115 @
>GCA_001721125.1
+11 +14 +16 +18 +20 +21 +22 +23 +35 +36 +38 +39 +40 +41 +42 +43 +45 +47 +48 +49 +51 +52 +53 +55 +56 -66 -62 -61 -60 +91 +92 +93 +94 +98 +99 +100 +101 +103 +104 +105 +107 +108 +109 +114 +115 +119 +1 +2 +10 @
>GCA_001886895.1
+11 +14 +16 +18 +20 +21 +22 +23 +35 +36 +38 +39 +40 +41 +42 +43 +45 +47 +48 +49 +51 +52 +53 +55 +56 +60 +61 +62 +66 +91 +92 +93 +94 +98 +99 +100 +101 +103 +104 +105 +107 +108 +109 +114 +115 +119 +1 +2 +10 @
>GCA_001660585.1
-62 -61 -60 -56 -55 -53 -52 -51 -49 -48 -47 -45 -43 -42 -41 -40 -39 -38 -36 -35 -23 -22 -21 -20 -18 -16 -14 -11 -10 -2 -1 -119 -115 -114 -109 -108 -107 -105 -104 -103 -101 -100 -99 -98 -94 -93 -92 -91 -66 @
>GCA_001677475.1
-107 -105 -104 -103 -101 -100 -99 -98 -94 -93 -92 -91 -66 -62 -61 -60 -56 -55 -53 -52 -51 -49 -48 -47 -45 -43 -42 -41 -40 -39 -38 -36 +35 -23 -22 -21 -20 -18 -16 -14 -11 -10 -2 -1 -119 -115 -114 -109 -108 @
>GCA_001900475.1
-98 -94 -93 -92 -91 -66 -62 -61 -60 -56 -55 -53 -52 -51 -49 -48 -47 -45 -43 -42 -41 -40 -39 -38 -36 -35 -23 -22 -21 -20 -18 -16 -14 -11 -10 -2 -1 -119 -115 -114 -109 -108 -107 -105 -104 -103 -101 -100 -99 @
>GCA_001750845.1
+11 +14 +16 +18 +20 +21 +22 +23 +35 +36 +38 +39 +40 +41 +42 +43 +45 +47 +48 +49 +51 +52 +53 +55 +56 +60 +61 +62 +66 +91 +92 +93 +94 +98 +99 +100 +101 +103 +104 +105 +107 +108 +109 +114 +115 +119 +1 +2 +10 @
>GCA_001900535.1
+91 +92 +93 +94 +98 +99 +100 +101 +103 +104 +105 +107 +108 +109 +114 +115 +35 +36 +38 +39 +40 +41 +42 +43 +45 +47 +48 +49 +51 +52 +53 +55 +56 +60 +61 +62 -66 -23 -22 -21 -20 -18 -16 -14 -11 -10 -2 -1 -119 @
>GCA_001900455.1
+60 +61 +62 +66 +91 +92 +93 +94 +98 +99 +100 +101 +103 +104 +105 +107 +108 +109 +114 +115 +119 +1 +2 +10 +11 +14 +16 +18 +20 +21 +22 +23 +35 +36 +38 +39 +40 +41 +42 +43 +45 +47 +48 +49 +51 +52 +53 +55 +56 @
>GCA_001900575.1
+10 +11 +14 +16 +18 +20 +21 +22 +23 +35 +36 +38 +39 +40 +41 +42 +43 +45 +47 +48 +49 +51 +52 +53 +55 +56 +60 +61 +62 +66 +91 +92 +93 +94 +98 +99 +100 +101 +103 +104 +105 +107 +108 +109 +114 +115 +119 +1 +2 @
