>AM295007
+1 +2 +3 +4 +5 +6 +7 +8 +9 +10 +11 +12 +13 +14 +15 +16 +17 +18 +19 +20 +22 +23 +24 +25 +26 +27 +28 +29 +30 +31 +32 +33 +34 +35 +37 +38 +39 +40 +41 +42 +45 +46 +47 +48 +49 +50 +51 +52 +53 +54 +55 +56 +57 +58 +59 +61 +62 +63 +64 +65 +66 +67 +68 +69 +70 +71 +72 +73 +74 +75 +76 +77 +78 +79 +80 +81 +82 +83 +84 +85 @
>CP000829
+1 +2 +3 +4 +5 +6 +7 +8 -72 -71 -70 -69 -68 -67 -66 -65 -64 -63 -62 -61 -59 -58 -57 -56 -55 -54 -53 -52 -51 -50 -49 -48 -47 -46 -45 -42 -41 -40 -39 -38 -37 -35 -34 -33 -32 -31 -30 -29 -28 -27 -26 -25 -24 -23 -22 -20 -19 -18 -17 -16 -15 -14 -13 -12 -11 -10 -9 +73 +74 +75 +76 +77 +78 +79 +80 +81 +82 +83 +84 +85 @
>CP013838
+1 +2 +3 +4 +5 +6 +7 +8 -72 -71 -70 -69 -68 -67 -66 -65 -64 -63 -62 -61 -59 -58 -57 -56 -55 -54 -53 -52 -51 -50 -49 -48 -47 -46 -45 -42 -41 -40 -39 -38 -37 -35 -34 -33 -32 -31 -30 -29 -28 -27 -26 -25 -24 -23 -22 -20 -19 -18 -17 -16 -15 -14 -13 -12 -11 -10 -9 +73 +74 +75 +76 +77 +78 +79 +80 +81 +82 +83 +84 +85 @
>CP014027
+45 +46 +47 +48 +49 +50 +51 +52 +53 +54 +55 +56 +57 +58 +59 +61 +62 +63 +64 +65 +66 +67 +68 +69 +70 +71 +72 +73 +74 +75 -6 -5 -4 -3 -2 -1 -85 -84 -83 -82 -81 -80 -79 -78 -77 -76 +7 +8 +9 +10 +11 +12 +13 +14 +15 +16 +17 +18 +19 +20 +22 +23 +24 +25 +26 +27 +28 +29 +30 +31 +32 +33 +34 +35 +37 +38 +39 +40 +41 +42 @
>AE009949
+1 +2 +3 +4 +5 +6 +7 +8 -72 -71 -70 -69 -68 -67 -66 -65 -64 -63 -62 -61 -59 -58 -57 -56 -55 -54 -53 -52 -51 -50 -49 -48 -47 -46 -45 -42 -41 -40 -39 -38 -37 -35 -34 -33 -32 -31 -30 -29 -28 -27 -26 -25 -24 -23 -22 -20 -19 -18 -17 -16 -15 -14 -13 -12 -11 -10 -9 +73 +74 +75 +76 +77 +78 +79 +80 +81 +82 +83 +84 +85 @
>CP000260
+1 +2 +3 +4 +5 +6 +7 +8 -72 -71 -70 -69 -68 -67 -66 -65 -64 -63 -62 -61 -59 -58 -57 -56 -55 -54 -53 -52 -51 -50 -49 -48 -47 -46 -45 -42 -41 -40 -39 -38 -37 -35 -34 -33 -32 -31 -30 -29 -28 -27 -26 -25 -24 -23 -22 -20 -19 -18 -17 -16 -15 -14 -13 -12 -11 -10 -9 +73 +74 +75 +76 +77 +78 +79 +80 +81 +82 +83 +84 +85 @
>CP013839
+1 +2 +3 +4 +5 +6 +7 +8 -72 -71 -70 -69 -68 -67 -66 -65 -64 -63 -62 -61 -59 -58 -57 -56 -55 -54 -53 -52 -51 -50 -49 -48 -47 -46 -45 -42 -41 -40 -39 -38 -37 -35 -34 -33 -32 -31 -30 -29 -28 -27 -26 -25 -24 -23 -22 -20 -19 -18 -17 -16 -15 -14 -13 -12 -11 -10 -9 +73 +74 +75 +76 +77 +78 +79 +80 +81 +82 +83 +84 +85 @
>CP010449
+1 +2 +3 +4 +5 +6 +7 +8 +9 +10 +11 +12 +13 +14 +15 +16 +17 +18 +19 +20 +22 -53 -52 -51 -50 -49 -48 -47 -46 -45 -42 -41 -40 -39 -38 -37 -35 -34 -33 -32 -31 -30 -29 -28 -27 -26 -25 -24 -23 +54 +55 +56 +57 +58 +59 +61 +62 +63 +64 +65 +66 +67 +68 +69 +70 +71 +72 +73 +74 +75 +76 +77 +78 +79 +80 +81 +82 +83 +84 +85 @
>HG316453
+1 +2 +3 +4 +5 +6 +7 +8 -72 -71 -70 -69 -68 -67 -66 -65 -64 -63 -62 -61 -59 -58 -57 -56 -55 -54 -53 -52 -51 -50 -49 -48 -47 -46 -45 -42 -41 -40 -39 -38 -37 -35 -34 -33 -32 -31 -30 -29 -28 -27 -26 -25 -24 -23 -22 -20 -19 -18 -17 -16 -15 -14 -13 -12 -11 -10 -9 +73 +74 +75 +76 +77 +78 +79 +80 +81 +82 +83 +84 +85 @
>CP008926
-37 -35 -34 -33 -32 -31 -30 -29 -28 -27 -26 -25 -24 -23 -22 -20 -19 -18 -17 -16 -15 -14 -13 -12 -11 -10 -9 +73 +74 +75 +76 +77 +78 +79 +80 +81 +82 +83 +84 +85 +1 +2 +3 +4 +5 +6 +7 +8 -72 -71 -70 -69 -68 -67 -66 -65 -64 -63 -62 -61 -59 -58 -57 -56 -55 -54 -53 -52 -51 -50 -49 -48 -47 -46 -45 -42 -41 -40 -39 -38 @
>CP003901
+1 +2 +3 +4 +5 +6 +7 +8 -72 -71 -70 -69 -68 -67 -66 -65 -64 -63 -62 -61 -59 -58 -57 -56 -55 -54 -53 -52 -51 -50 -49 -48 -47 -46 -45 -42 -41 -40 -39 -38 -37 -35 -34 -33 -32 -31 -30 -29 -28 -27 -26 -25 -24 -23 -22 -20 -19 -18 -17 -16 -15 -14 -13 -12 -11 -10 -9 +73 +74 +75 +76 +77 +78 +79 +80 +81 +82 +83 +84 +85 @
>CP003116
+1 +2 +3 +4 +5 +6 +7 +8 -72 -71 -70 -69 -68 -67 -66 -65 -64 -63 -62 -61 -59 -58 -57 -56 -55 -54 -53 -52 -51 -50 -49 -48 -47 -46 -45 -42 -41 -40 -39 -38 -37 -35 -34 -33 -32 -31 -30 -29 -28 -27 -26 -25 -24 -23 -22 -20 -19 -18 -17 -16 -15 -14 -13 -12 -11 -10 -9 +73 +74 +75 +76 +77 +78 +79 +80 +81 +82 +83 +84 +85 @
>CP012045
+1 +2 +3 +4 +5 +6 -75 -74 -73 -72 -71 -70 -69 -68 -67 -66 -65 -64 -63 -62 -61 -59 -58 -57 -56 -55 -54 -53 -52 -51 -50 -49 -48 -47 -46 -45 -42 -41 -40 -39 -38 -37 -35 -34 -33 -32 -31 -30 -29 -28 -27 -26 -25 -24 -23 -22 -20 -19 -18 -17 -16 -15 -14 -13 -12 -11 -10 -9 -8 -7 +76 +77 +78 +79 +80 +81 +82 +83 +84 +85 @
>CP014138
+1 +2 +3 +4 +5 +6 +7 +8 -72 -71 -70 -69 -68 -67 -66 -65 -64 -63 -62 -61 -59 -58 -57 -56 -55 -54 -53 -52 -51 -50 -49 -48 -47 -46 -45 -42 -41 -40 -39 -38 -37 -35 -34 -33 -32 -31 -30 -29 -28 -27 -26 -25 -24 -23 -22 -20 -19 -18 -17 -16 -15 -14 -13 -12 -11 -10 -9 +73 +74 +75 +76 +77 +78 +79 +80 +81 +82 +83 +84 +85 @
>AP012335
+1 +2 +3 +4 +5 +6 +7 +8 -72 -71 -70 -69 -68 -67 -66 -65 -64 -63 -62 -61 -59 -58 -57 -56 -55 -54 -53 -52 -51 -50 -49 -48 -47 -46 -45 -42 -41 -40 +28 +29 +30 +31 +32 +33 +34 +35 +37 +38 +39 -27 -26 -25 -24 -23 -22 -20 -19 -18 -17 -16 -15 -14 -13 -12 -11 -10 -9 +73 +74 +75 +76 +77 +78 +79 +80 +81 +82 +83 +84 +85 @
>CP000259
+1 +2 +3 +4 +5 +6 +7 +8 -72 -71 -70 -69 -68 -67 -66 -65 -64 -63 -62 -61 -59 -58 -57 -56 -55 -54 -53 -52 -51 -50 -49 -48 -47 -46 -45 -42 -41 -40 -39 -38 -37 -35 -34 -33 -32 -31 -30 -29 -28 -27 -26 -25 -24 -23 -22 -20 -19 -18 -17 -16 -15 -14 -13 -12 -11 -10 -9 +73 +74 +75 +76 +77 +78 +79 +80 +81 +82 +83 +84 +85 @
>CP000262
+1 +2 +3 +4 +5 +6 +7 +8 -72 -71 -70 -69 -68 -67 -66 -65 -64 -63 -62 -61 -59 -58 -57 -56 -55 -54 -53 -52 -51 -50 -49 -48 -47 -46 -45 -42 -41 -40 -39 -38 -37 -35 -34 -33 -32 -31 -30 -29 -28 -27 -26 -25 -24 -23 -22 -20 -19 -18 -17 -16 -15 -14 -13 -12 -11 -10 -9 +73 +74 +75 +76 +77 +78 +79 +80 +81 +82 +83 +84 +85 @
>CP000261
+1 +2 +3 +4 +5 +6 +7 +8 -72 -71 -70 -69 -68 -67 -66 -65 -64 -63 -62 -61 -59 -58 -57 -56 -55 -54 -53 -52 -51 -50 -49 -48 -47 -46 -45 -42 -41 -40 -39 -38 -37 -35 -34 -33 -32 -31 -30 -29 -28 -27 -26 -25 -24 -23 -22 -20 -19 -18 -17 -16 -15 -14 -13 -12 -11 -10 -9 +73 +74 +75 +76 +77 +78 +79 +80 +81 +82 +83 +84 +85 @
>CP008776
+1 +2 +3 +4 +5 +6 +7 +8 +9 +10 +11 +12 +13 +14 +15 +16 +17 +18 +19 +20 +22 +23 +24 +25 +26 +27 +28 +29 +30 +31 +32 +33 +34 +35 +37 +38 +39 +40 +41 +42 +45 +46 +47 +48 +49 +50 +51 +52 +53 +54 +55 +56 +57 +58 +59 +61 +62 +63 +64 +65 +66 +67 +68 +69 +70 +71 +72 +73 +74 +75 +76 +77 +78 +79 +80 +81 +82 +83 +84 +85 @
>CP015238
+1 +2 +3 +4 +5 +6 +7 +8 -72 -71 -70 -69 -68 -67 -66 -65 -64 -63 -62 -61 -59 -58 -57 -56 -55 -54 -53 -52 -51 -50 -49 -48 -47 -46 -45 -42 -41 -40 -39 -38 -37 -35 -34 -33 -32 -31 -30 -29 -28 -27 -26 -25 -24 -23 -22 -20 -19 -18 -17 -16 -15 -14 -13 -12 -11 -10 -9 +73 +74 +75 +76 +77 +78 +79 +80 +81 +82 +83 +84 +85 @
>CP013672
+1 +2 +3 +4 +5 +6 +7 +8 -72 -71 -70 -69 -68 -67 -66 -65 -64 -63 -62 -61 -59 -58 -57 -56 -55 -54 -53 -52 -51 -50 -49 -48 -47 -46 -45 -42 -41 -40 -39 -38 -37 -35 -34 -33 -32 -31 -30 -29 -28 -27 -26 -25 -24 -23 -22 -20 -19 -18 -17 -16 -15 -14 -13 -12 -11 -10 -9 +73 +74 +75 +76 +77 +78 +79 +80 +81 +82 +83 +84 +85 @
>CP007241
+1 +2 +3 +4 +5 +6 +7 +8 -72 -71 -70 -69 -68 -67 -66 -65 -64 -63 -62 -61 -59 -58 -57 -56 -55 -54 -53 -52 -51 -50 -49 -48 -47 -46 -45 -42 -41 -40 -39 -38 -37 -35 -34 -33 -32 -31 -30 -29 -28 -27 -26 -25 -24 -23 -22 -20 -19 -18 -17 -16 -15 -14 -13 -12 -11 -10 -9 +73 +74 +75 +76 +77 +78 +79 +80 +81 +82 +83 +84 +85 @
>CP011535
+1 +2 +3 +4 +5 +6 +7 +8 +9 +10 +11 +12 +13 +14 +15 +16 +17 +18 +19 +20 +22 +23 +24 +25 +26 +27 +28 +29 +30 +31 +32 +33 +34 +35 +37 +38 +39 +40 +41 +42 +45 +46 +47 +48 +49 +50 +51 +52 +53 +54 +55 +56 +57 +58 +59 +61 +62 +63 +64 +65 +66 +67 +68 +69 +70 +71 +72 +73 +74 +75 +76 +77 +78 +79 +80 +81 +82 +83 +84 +85 @
>AP014572
+1 +2 +3 +4 +5 +6 +7 +8 -72 -71 -70 -69 -68 -67 -66 -65 -64 -63 -62 -61 -59 -58 -57 -56 -55 -54 -53 -52 -51 -50 -49 -48 -47 -46 -45 -42 -41 -40 -39 -38 -37 -35 -34 -33 -32 -31 -30 -29 -28 -27 -26 -25 -24 -23 -22 -20 -19 -18 -17 -16 -15 -14 -13 -12 -11 -10 -9 +73 +74 +75 +76 +77 +78 +79 +80 +81 +82 +83 +84 +85 @
>CP007537
+1 +2 +3 +4 +5 +6 +7 +8 +9 +10 +11 +12 +13 +14 +15 +16 +17 +18 +19 +20 +22 +23 +24 +25 +26 +27 +28 +29 +30 +31 +32 +33 +34 +35 +37 +38 +39 +40 +41 +42 +45 +46 +47 +48 +49 +50 +51 +52 +53 +54 +55 +56 +57 +58 +59 +61 +62 +63 +64 +65 +66 +67 +68 +69 +70 +71 +72 +73 +74 +75 +76 +77 +78 +79 +80 +81 +82 +83 +84 +85 @
>CP003068
+1 +2 +3 +4 +5 +6 +7 +8 -72 -71 -70 -69 -68 -67 -66 -65 -64 -63 -62 -61 -59 -58 -57 -56 -55 -54 -53 -52 -51 -50 -49 -48 -47 -46 -45 -42 -41 -40 -39 -38 -37 -35 -34 -33 -32 -31 -30 -29 -28 -27 -26 -25 -24 -23 -22 -20 -19 -18 -17 -16 -15 -14 -13 -12 -11 -10 -9 +73 +74 +75 +76 +77 +78 +79 +80 +81 +82 +83 +84 +85 @
>CP007041
+1 +2 +3 +4 +5 +6 +7 +8 +9 +10 +11 +12 +13 +14 +15 +16 +17 +18 +19 +20 +22 +23 +24 +25 +26 +27 +28 +29 +30 +31 +32 -41 -40 -39 -38 -37 -35 -34 -33 +42 +45 +46 +47 +48 +49 +50 +51 +52 +53 +54 +55 +56 +57 +58 +59 +61 +62 +63 +64 +65 +66 +67 +68 +69 +70 +71 +72 +73 +74 +75 +76 +77 +78 +79 +80 +81 +82 +83 +84 +85 @
>CP007562
+1 +2 +3 +4 +5 +6 +7 +8 +9 +10 +11 +12 +13 +14 +15 +16 +17 +18 +19 +20 +22 +23 +24 +25 +26 +27 +28 +29 +30 +31 +32 +33 +34 +35 +37 +38 +39 +40 +41 +42 +45 +46 +47 +48 +49 +50 +51 +52 +53 +54 +55 +56 +57 +58 +59 +61 +62 +63 +64 +65 +66 +67 +68 +69 +70 +71 +72 +73 +74 +75 +76 +77 +78 +79 +80 +81 +82 +83 +84 +85 @
>CP008695
+1 +2 +3 +4 -56 -55 -54 -53 -52 -51 -50 -49 -48 -47 -46 -45 +24 +25 +26 +27 +28 +29 +30 +31 +32 +33 +34 +35 +37 +38 +39 +40 +41 +42 -23 -22 -20 -19 -18 -17 -16 -15 -14 -13 -12 -11 -10 -9 -8 -7 -6 -5 +57 +58 +59 +61 +62 +63 +64 +65 +66 +67 +68 +69 +70 +71 +72 +73 +74 +75 +76 +77 -85 -84 -83 -82 -81 -80 -79 -78 @
>CP006366
+1 +2 +3 +4 +5 +6 +7 +8 -72 -71 -70 -69 -68 -67 -66 -65 -64 -63 -62 -61 -59 -58 -57 -56 -55 -54 -53 -52 -51 -50 -49 -48 -47 -46 -45 -42 -41 -40 -39 -38 -37 -35 -34 -33 -32 -31 -30 -29 -28 -27 -26 -25 -24 -23 -22 -20 -19 -18 -17 -16 -15 -14 -13 -12 -11 -10 -9 +73 +74 +75 +76 +77 +78 +79 +80 +81 +82 +83 +84 +85 @
>CP009612
+1 +2 +3 +4 +5 +6 +7 +8 -72 -71 -70 -69 -68 -67 -66 -65 -64 -63 -62 -61 -59 -58 -57 -56 -55 -54 -53 -52 -51 -50 -49 -48 -47 -46 -45 -42 -41 -40 -39 -38 -37 -35 -34 -33 -32 -31 -30 -29 -28 -27 -26 -25 -24 -23 -22 -20 -19 -18 -17 -16 -15 -14 -13 -12 -11 -10 -9 +73 +74 +75 +76 +77 +78 +79 +80 +81 +82 +83 +84 +85 @
>CP011068
+1 +2 +3 +4 +5 +6 +7 +8 -72 -71 -70 -69 -68 -67 -66 -65 -64 -63 -62 -61 -59 -58 -57 -56 -55 -54 -53 -52 -51 -50 -49 -48 -47 -46 -45 -42 -41 -40 -39 -38 -37 -35 -34 -33 -32 -31 -30 -29 -28 -27 -26 -25 -24 -23 -22 -20 -19 -18 -17 -16 -15 -14 -13 -12 -11 -10 -9 +73 +74 +75 +76 +77 +78 +79 +80 +81 +82 +83 +84 +85 @
>CP000017
+1 +2 +3 +4 +5 +6 +7 +8 -72 -71 -70 -69 -68 -67 -66 -65 -64 -63 -62 -61 -59 -58 -57 -56 -55 -54 -53 -52 -51 -50 -49 -48 -47 -46 -45 -42 -41 -40 -39 -38 -37 -35 -34 -33 -32 -31 -30 -29 -28 -27 -26 -25 -24 -23 -22 -20 -19 -18 -17 -16 -15 -14 -13 -12 -11 -10 -9 +73 +74 +75 +76 +77 +78 +79 +80 +81 +82 +83 +84 +85 @
>CP013840
+1 +2 +3 +4 +5 +6 +7 +8 -72 -71 -70 -69 -68 -67 -66 -65 -64 -63 -62 -61 -59 -58 -57 -56 -55 -54 -53 -52 -51 -50 -49 -48 -47 -46 -45 -42 -41 -40 -39 -38 -37 -35 -34 -33 -32 -31 -30 -29 -28 -27 -26 -25 -24 -23 -22 -20 -19 -18 -17 -16 -15 -14 -13 -12 -11 -10 -9 +73 +74 +75 +76 +77 +78 +79 +80 +81 +82 +83 +84 +85 @
>CP007561
+1 +2 +3 +4 +5 +6 +7 +8 +9 +10 +11 +12 +13 +14 +15 +16 +17 +18 +19 +20 +22 +23 +24 +25 +26 +27 +28 +29 +30 +31 +32 +33 +34 +35 +37 +38 +39 +40 +41 +42 +45 +46 +47 +48 +49 +50 +51 +52 +53 +54 +55 +56 +57 +58 +59 +61 +62 +63 +64 +65 +66 +67 +68 +69 +70 +71 +72 +73 +74 +75 +76 +77 +78 +79 +80 +81 +82 +83 +84 +85 @
>AE014074
+1 +2 +3 +4 +5 +6 +7 +8 -72 -71 -70 -69 -68 -67 -66 -65 -64 -63 -62 -61 -59 -58 -57 -56 -55 -54 -53 -52 -51 -50 -49 -48 -47 -46 -45 -42 -41 -40 -39 -38 -37 -35 -34 -33 -32 -31 -30 -29 -28 -27 -26 -25 -24 -23 -22 -20 -19 -18 -17 -16 -15 -14 -13 -12 -11 -10 -9 +73 +74 +75 +76 +77 +78 +79 +80 +81 +82 +83 +84 +85 @
>BA000034
+1 +2 +3 +4 +5 +6 +7 +8 +9 +10 +11 +12 +13 +14 +15 +16 +17 +18 +19 +20 +22 +23 +24 +25 +26 +27 +28 +29 +30 +31 +32 -41 -40 -39 -38 -37 -35 -34 -33 +42 +45 +46 +47 +48 +49 +50 +51 +52 +53 +54 +55 +56 +57 +58 +59 +61 +62 +63 +64 +65 +66 +67 +68 +69 +70 +71 +72 +73 +74 +75 +76 +77 +78 +79 +80 +81 +82 +83 +84 +85 @
>AP012491
+1 +2 +3 +4 +5 +6 -75 -74 -73 -72 -71 -70 -69 -68 -67 -66 -65 -64 -63 -62 -61 -59 -58 -57 -56 -55 -54 -53 -52 -51 -50 -49 -48 -47 -46 -45 -42 -41 -40 -39 -38 -37 -35 -34 -33 -32 -31 -30 -29 -28 -27 -26 -25 -24 -23 -22 -20 -19 -18 -17 -16 -15 -14 -13 -12 -11 -10 -9 -8 -7 +76 +77 +78 +79 +80 +81 +82 +83 +84 +85 @
>AFRY01000001
+1 +2 +3 +4 +5 +6 -75 -74 -73 +9 +10 +11 +12 +13 +14 +15 +16 +17 +18 +19 +20 +22 +23 +24 +25 +26 +27 +28 +29 +30 +31 +32 +33 +34 +35 +37 +38 +39 +40 +41 +42 +45 +46 +47 +48 +49 +50 +51 +52 +53 +54 +55 +56 +57 +58 +59 +61 +62 +63 +64 +65 +66 +67 +68 +69 +70 +71 +72 -8 -7 +76 +77 +78 +79 +80 +81 +82 +83 +84 +85 @
>AE004092
+1 +2 +3 +4 +5 +6 +7 +8 -72 -71 -70 -69 -68 -67 -66 -65 -64 -63 -62 -61 -59 -58 -57 -56 -55 -54 -53 -52 -51 -50 -49 -48 -47 -46 -45 -42 -41 -40 -39 -38 -37 -35 -34 -33 -32 -31 -30 -29 -28 -27 -26 -25 -24 -23 -22 -20 -19 -18 -17 -16 -15 -14 -13 -12 -11 -10 -9 +73 +74 +75 +76 +77 +78 +79 +80 +81 +82 +83 +84 +85 @
>CP010450
+1 +2 +3 +4 +5 +6 +7 +8 -72 -71 -70 -69 -68 -67 -66 -65 -64 -63 -62 -61 -59 -58 -57 -56 -55 -54 -53 -52 -51 -50 -49 -48 -47 -46 -45 -42 -41 -40 -39 -38 -37 -35 -34 -33 -32 -31 -30 -29 -28 -27 -26 -25 -24 -23 -22 -20 -19 -18 -17 -16 -15 -14 -13 -12 -11 -10 -9 +73 +74 +75 +76 +77 +78 +79 +80 +81 +82 +83 +84 +85 @
>CP011415
+1 +2 +3 +4 +5 +6 +7 +8 -72 -71 -70 -69 -68 -67 -66 -65 -64 -63 -62 -61 -59 -58 -57 -56 -55 -54 -53 -52 -51 -50 -49 -48 -47 -46 -45 -42 -41 -40 +28 +29 +30 +31 +32 +33 +34 +35 +37 +38 +39 -27 -26 -25 -24 -23 -22 -20 -19 -18 -17 -16 -15 -14 -13 -12 -11 -10 -9 +73 +74 +75 +76 +77 +78 +79 +80 +81 +82 +83 +84 +85 @
>CP007240
+1 +2 +3 +4 +5 +6 +7 +8 -72 -71 -70 -69 -68 -67 -66 -65 -64 -63 -62 -61 -59 -58 -57 -56 -55 -54 -53 -52 -51 -50 -49 -48 -47 -46 -45 -42 -41 -40 -39 -38 -37 -35 -34 -33 -32 -31 -30 -29 -28 -27 -26 -25 -24 -23 -22 -20 -19 -18 -17 -16 -15 -14 -13 -12 -11 -10 -9 +73 +74 +75 +76 +77 +78 +79 +80 +81 +82 +83 +84 +85 @
>CP000056
+1 +2 +3 +4 +5 +6 +7 +8 -72 -71 -70 -69 -68 -67 -66 -65 -64 -63 -62 -61 -59 -58 -57 -56 -55 -54 -53 -52 -51 -50 -49 -48 -47 -46 -45 -42 -41 -40 -39 -38 -37 -35 -34 -33 -32 -31 -30 -29 -28 -27 -26 -25 -24 -23 -22 -20 -19 -18 -17 -16 -15 -14 -13 -12 -11 -10 -9 +73 +74 +75 +76 +77 +78 +79 +80 +81 +82 +83 +84 +85 @
>CP007024
+1 +2 +3 +4 +5 +6 +7 +8 -72 -71 -70 -69 -68 -67 -66 -65 -64 -63 -62 -61 -59 -58 -57 -56 -55 -54 -53 -52 -51 -50 -49 -48 -47 -46 -45 -42 -41 -40 -39 -38 -37 -35 -34 -33 -32 -31 -30 -29 -28 -27 -26 -25 -24 -23 -22 -20 -19 -18 -17 -16 -15 -14 -13 -12 -11 -10 -9 +73 +74 +75 +76 +77 +78 +79 +80 +81 +82 +83 +84 +85 @
>CP007560
+1 +2 +3 +4 +5 +6 +7 +8 -72 -71 -70 -69 -68 -67 -66 -65 -64 -63 -62 -61 -59 -58 -57 -56 -55 +24 +25 +26 +27 +28 +29 +30 +31 +32 +33 +34 +35 +37 +38 +39 +40 +41 +42 +45 +46 +47 +48 +49 +50 +51 +52 +53 +54 -23 -22 -20 -19 -18 -17 -16 -15 -14 -13 -12 -11 -10 -9 +73 +74 +75 +76 +77 +78 +79 +80 +81 +82 +83 +84 +85 @
>AP014585
+1 +2 +3 +4 +5 +6 +7 +8 -72 -71 -70 -69 -68 -67 -66 -65 -64 -63 -62 -61 -59 -58 -57 -56 -55 -54 -53 -52 -51 -50 -49 -48 -47 -46 -45 -42 -41 -40 -39 -38 -37 -35 -34 -33 -32 -31 -30 -29 -28 -27 -26 -25 -24 -23 -22 -20 -19 -18 -17 -16 -15 -14 -13 -12 -11 -10 -9 +73 +74 +75 +76 +77 +78 +79 +80 +81 +82 +83 +84 +85 @
>CP000003
+1 +2 +3 +4 +5 +6 +7 +8 -72 -71 -70 -69 -68 -67 -66 -65 -64 -63 -62 -61 -59 -58 -57 -56 -55 -54 -53 -52 -51 -50 -49 -48 -47 -46 -45 -42 -41 -40 -39 -38 -37 -35 -34 -33 -32 -31 -30 -29 -28 -27 -26 -25 -24 -23 -22 -20 -19 -18 -17 -16 -15 -14 -13 -12 -11 -10 -9 +73 +74 +75 +76 +77 +78 +79 +80 +81 +82 +83 +84 +85 @
>CP014139
+1 +2 +3 +4 +5 +6 +7 +8 +9 +10 +11 +12 +13 +14 +15 +16 +17 +18 +19 +20 +22 +23 +24 +25 +26 +27 +28 +29 +30 +31 +32 +33 +34 +35 +37 +38 +39 +40 +41 +42 +45 +46 +47 +48 +49 +50 +51 +52 +53 +54 +55 +56 +57 +58 +59 +61 +62 +63 +64 +65 +66 +67 +68 +69 +70 +71 +72 +73 +74 +75 +76 +77 +78 +79 +80 +81 +82 +83 +84 +85 @
>CP003121
+1 +2 +3 +4 +5 +6 +7 +8 -72 -71 -70 -69 -68 -67 -66 -65 -64 -63 -62 -61 -59 -58 -57 -56 -55 -54 -53 -52 -51 -50 -49 -48 -47 -46 -45 -42 -41 -40 -39 -38 -37 -35 -34 -33 -32 -31 -30 -29 -28 -27 -26 -25 -24 -23 -22 -20 -19 -18 -17 -16 -15 -14 -13 -12 -11 -10 -9 +73 +74 +75 +76 +77 +78 +79 +80 +81 +82 +83 +84 +85 @
