>AM295007
+1 +2 +3 +4 +5 +6 +7 +9 +10 +11 +12 +13 +14 +15 +17 +18 +19 +20 +21 +22 +23 +24 +25 +26 +27 +29 +30 +31 +33 +34 +35 +36 +37 +38 +39 +40 +41 +42 +43 +44 +45 +46 +47 +48 +49 +50 +51 +52 +53 +56 +57 +58 +59 +60 +61 +62 +63 +64 +65 +66 +67 +69 +70 +71 +72 +73 +74 +75 +76 +77 +78 +79 +80 +81 +82 +83 +84 +85 +86 +87 +88 +89 +90 +91 +92 +93 +94 +95 +96 +97 +98 +99 +100 +101 +102 +103 +104 @
>CP000829
+1 +2 +3 +4 +5 +6 +7 +9 +10 +11 +12 +13 +14 +15 -83 -82 -81 -80 -79 -78 -77 -76 -75 -74 -73 -72 -71 -70 -69 -67 -66 -65 -64 -63 -62 -61 -60 -59 -58 -57 -56 -53 -52 -51 -50 -49 -48 -47 -46 -45 -44 -43 -42 -41 -40 -39 -38 -37 -36 -35 -34 -33 -31 -30 -29 -27 -26 -25 -24 -23 -22 -21 -20 -19 -18 -17 +84 +85 +86 +87 +88 +89 +90 +91 +92 +93 +94 +95 +96 +97 +98 +99 +100 +101 +102 +103 +104 @
>CP013838
+1 +2 +3 +4 +5 +6 +7 +9 +10 +11 +12 +13 +14 +15 -83 -82 -81 -80 -79 -78 -77 -76 -75 -74 -73 -72 -71 -70 -69 -67 -66 -65 -64 -63 -62 -61 -60 -59 -58 -57 -56 -53 -52 -51 -50 -49 -48 -47 -46 -45 -44 -43 -42 -41 -40 -39 -38 -37 -36 -35 -34 -33 -31 -30 -29 -27 -26 -25 -24 -23 -22 -21 -20 -19 -18 -17 +84 +85 +86 +87 +88 +89 +90 +91 +92 +93 +94 +95 +96 +97 +98 +99 +100 +101 +102 +103 +104 @
>CP014027
+56 +57 +58 +59 +60 +61 +62 +63 +64 +65 +66 +67 +69 +70 +71 +72 +73 +74 +75 +76 +77 +78 +79 +80 +81 +82 +83 +84 +85 +86 +87 +88 +89 +90 -14 -13 -12 -11 -10 -9 -7 -6 -5 -4 -3 -2 -1 -104 -103 -102 -101 -100 -99 -98 -97 -96 -95 -94 -93 -92 -91 +15 +17 +18 +19 +20 +21 +22 +23 +24 +25 +26 +27 +29 +30 +31 +33 +34 +35 +36 +37 +38 +39 +40 +41 +42 +43 +44 +45 +46 +47 +48 +49 +50 +51 +52 +53 @
>AE009949
+1 +2 +3 +4 +5 +6 +7 +9 +10 +11 +12 +13 +14 +15 -83 -82 -81 -80 -79 -78 -77 -76 -75 -74 -73 -72 -71 -70 -69 -67 -66 -65 -64 -63 -62 -61 -60 -59 -58 -57 -56 -53 -52 -51 -50 -49 -48 -47 -46 -45 -44 -43 -42 -41 -40 -39 -38 -37 -36 -35 -34 -33 -31 -30 -29 -27 -26 -25 -24 -23 -22 -21 -20 -19 -18 -17 +84 +85 +86 +87 +88 +89 +90 +91 +92 +93 +94 +95 +96 +97 +98 +99 +100 +101 +102 +103 +104 @
>CP000260
+1 +2 +3 +4 +5 +6 +7 +9 +10 +11 +12 +13 +14 +15 -83 -82 -81 -80 -79 -78 -77 -76 -75 -74 -73 -72 -71 -70 -69 -67 -66 -65 -64 -63 -62 -61 -60 -59 -58 -57 -56 -53 -52 -51 -50 -49 -48 -47 -46 -45 -44 -43 -42 -41 -40 -39 -38 -37 -36 -35 -34 -33 -31 -30 -29 -27 -26 -25 -24 -23 -22 -21 -20 -19 -18 -17 +84 +85 +86 +87 +88 +89 +90 +91 +92 +93 +94 +95 +96 +97 +98 +99 +100 +101 +102 +103 +104 @
>CP013839
+1 +2 +3 +4 +5 +6 +7 +9 +10 +11 +12 +13 +14 +15 -83 -82 -81 -80 -79 -78 -77 -76 -75 -74 -73 -72 -71 -70 -69 -67 -66 -65 -64 -63 -62 -61 -60 -59 -58 -57 -56 -53 -52 -51 -50 -49 -48 -47 -46 -45 -44 -43 -42 -41 -40 -39 -38 -37 -36 -35 -34 -33 -31 -30 -29 -27 -26 -25 -24 -23 -22 -21 -20 -19 -18 -17 +84 +85 +86 +87 +88 +89 +90 +91 +92 +93 +94 +95 +96 +97 +98 +99 +100 +101 +102 +103 +104 @
>CP010449
+1 +2 +3 +4 +5 +6 +7 +9 +10 +11 +12 +13 +14 +15 +17 +18 +19 +20 +21 +22 +23 +24 +25 +26 +27 +29 -65 -64 -63 -62 -61 -60 -59 -58 -57 -56 -53 -52 -51 -50 -49 -48 -47 -46 -45 -44 -43 -42 -41 -40 -39 -38 -37 -36 -35 -34 -33 -31 -30 +66 +67 +69 +70 +71 +72 +73 +74 +75 +76 +77 +78 +79 +80 +81 +82 +83 +84 +85 +86 +87 +88 +89 +90 +91 +92 +93 +94 +95 +96 +97 +98 +99 +100 +101 +102 +103 +104 @
>HG316453
+1 +2 +3 +4 +5 +6 +7 +9 +10 +11 +12 +13 +14 +15 -83 -82 -81 -80 -79 -78 -77 -76 -75 -74 -73 -72 -71 -70 -69 -67 -66 -65 -64 -63 -62 -61 -60 -59 -58 -57 -56 -53 -52 -51 -50 -49 -48 -47 -46 -45 -44 -43 -42 -41 -40 -39 -38 -37 -36 -35 -34 -33 -31 -30 -29 -27 -26 -25 -24 -23 -22 -21 -20 -19 -18 -17 +84 +85 +86 +87 +88 +89 +90 +91 +92 +93 +94 +95 +96 +97 +98 +99 +100 +101 +102 +103 +104 @
>CP007241
+1 +2 +3 +4 +5 +6 +7 +9 +10 +11 +12 +13 +14 +15 -83 -82 -81 -80 -79 -78 -77 -76 -75 -74 -73 -72 -71 -70 -69 -67 -66 -65 -64 -63 -62 -61 -60 -59 -58 -57 -56 -53 -52 -51 -50 -49 -48 -47 -46 -45 -44 -43 -42 -41 -40 -39 -38 -37 -36 -35 -34 -33 -31 -30 -29 -27 -26 -25 -24 -23 -22 -21 -20 -19 -18 -17 +84 +85 +86 +87 +88 +89 +90 +91 +92 +93 +94 +95 +96 +97 +98 +99 +100 +101 +102 +103 +104 @
>CP011535
+1 +2 +3 +4 +5 +6 +7 +9 +10 +11 +12 +13 +14 +15 +17 +18 +19 +20 +21 +22 +23 +24 +25 +26 +27 +29 +30 +31 +33 +34 +35 +36 +37 +38 +39 +40 +41 +42 +43 +44 +45 +46 +47 +48 +49 +50 +51 +52 +53 +56 +57 +58 +59 +60 +61 +62 +63 +64 +65 +66 +67 +69 +70 +71 +72 +73 +74 +75 +76 +77 +78 +79 +80 +81 +82 +83 +84 +85 +86 +87 +88 +89 +90 +91 +92 +93 +94 +95 +96 +97 +98 +99 +100 +101 +102 +103 +104 @
>CP000261
+1 +2 +3 +4 +5 +6 +7 +9 +10 +11 +12 +13 +14 +15 -83 -82 -81 -80 -79 -78 -77 -76 -75 -74 -73 -72 -71 -70 -69 -67 -66 -65 -64 -63 -62 -61 -60 -59 -58 -57 -56 -53 -52 -51 -50 -49 -48 -46 -45 -44 -43 -42 -41 -40 -39 -38 -37 -36 -35 -34 -33 -31 -30 -29 -27 -26 -25 -24 -23 -22 -21 -20 -19 -18 -17 +84 +85 +86 +87 +88 +89 +90 +91 +92 +93 +94 +95 +96 +97 +98 +99 +100 +101 +102 +103 +104 @
>CP000262
+1 +2 +3 +4 +5 +6 +7 +9 +10 +11 +12 +13 +14 +15 -83 -82 -81 -80 -79 -78 -77 -76 -75 -74 -73 -72 -71 -70 -69 -67 -66 -65 -64 -63 -62 -61 -60 -59 -58 -57 -56 -53 -52 -51 -50 -49 -48 -47 -46 -45 -44 -43 -42 -41 -40 -39 -38 -37 -36 -35 -34 -33 -31 -30 -29 -27 -26 -25 -24 -23 -22 -21 -20 -19 -18 -17 +84 +85 +86 +87 +88 +89 +90 +91 +92 +93 +94 +95 +96 +97 +98 +99 +100 +101 +103 +104 @
>CP008776
+1 +2 +3 +4 +5 +6 +7 +9 +10 +11 +12 +13 +14 +15 +17 +18 +19 +20 +21 +22 +23 +24 +25 +26 +27 +29 +30 +31 +33 +34 +35 +36 +37 +38 +39 +40 +41 +42 +43 +44 +45 +46 +47 +48 +49 +50 +51 +52 +53 +56 +57 +58 +59 +60 +61 +62 +63 +64 +65 +66 +67 +69 +70 +71 +72 +73 +74 +75 +76 +77 +78 +79 +80 +81 +82 +83 +84 +85 +86 +87 +88 +89 +90 +91 +92 +93 +94 +95 +96 +97 +98 +99 +100 +101 +102 +103 +104 @
>CP015238
+1 +2 +3 +4 +5 +6 +7 +9 +10 +11 +12 +13 +14 +15 -83 -82 -81 -80 -79 -78 -77 -76 -75 -74 -73 -72 -71 -70 -69 -67 -66 -65 -64 -63 -62 -61 -60 -59 -58 -57 -56 -53 -52 -51 -50 -49 -48 -47 -46 -45 -44 -43 -42 -41 -40 -39 -38 -37 -36 -35 -34 -33 -31 -30 -29 -27 -26 -25 -24 -23 -22 -21 -20 -19 -18 -17 +84 +85 +86 +87 +88 +89 +90 +91 +92 +93 +94 +95 +96 +97 +98 +99 +100 +101 +102 +103 +104 @
>CP013672
+1 +2 +3 +4 +5 +6 +7 +9 +10 +11 +12 +13 +14 +15 -83 -82 -81 -80 -79 -78 -77 -76 -75 -74 -73 -72 -71 -70 -69 -67 -66 -65 -64 -63 -62 -61 -60 -59 -58 -57 -56 -53 -52 -51 -50 -49 -48 -47 -46 -45 -44 -43 -42 -41 -40 -39 -38 -37 -36 -35 -34 -33 -31 -30 -29 -27 -26 -25 -24 -23 -22 -21 -20 -19 -18 -17 +84 +86 +87 +88 +89 +90 +91 +92 +93 +94 +95 +96 +97 +98 +99 +100 +101 +102 +103 +104 @
>CP003068
+1 +2 +3 +4 +5 +6 +7 +9 +10 +11 +12 +13 +14 +15 -83 -82 -81 -80 -79 -78 -77 -76 -75 -74 -73 -72 -71 -70 -69 -67 -66 -65 -64 -63 -62 -61 -60 -59 -58 -57 -56 -53 -52 -51 -50 -49 -48 -47 -46 -45 -44 -43 -42 -41 -40 -39 -38 -37 -36 -35 -34 -33 -31 -30 -29 -27 -26 -25 -24 -23 -22 -21 -20 -19 -18 -17 +84 +86 +87 +88 +89 +90 +91 +92 +93 +94 +95 +96 +97 +98 +99 +100 +101 +102 +103 +104 @
>CP007041
+1 +2 +3 +4 +5 +6 +7 +9 +10 +11 +12 +13 +14 +15 +17 +18 +19 +20 +21 +22 +23 +24 +25 +26 +27 +29 +30 +31 +33 +34 +35 +36 +37 +38 +39 +40 +41 +42 -52 -51 -50 -49 -48 -47 -46 -45 -44 -43 +53 +56 +57 +58 +59 +60 +61 +62 +63 +64 +65 +66 +67 +69 +70 +71 +72 +73 +74 +75 +76 +77 +78 +79 +80 +81 +82 +83 +84 +85 +86 +87 +88 +89 +90 +91 +92 +93 +94 +95 +96 +97 +98 +99 +100 +101 +102 +103 +104 @
>CP007562
+1 +2 +3 +4 +5 +6 +7 +9 +10 +11 +12 +13 +14 +15 +17 +18 +19 +20 +21 +22 +23 +24 +25 +26 +27 +29 +30 +31 +33 +34 +35 +36 +37 +38 +39 +40 +41 +42 +43 +44 +45 +46 +47 +48 +49 +50 +51 +52 +53 +56 +57 +58 +59 +60 +61 +62 +63 +64 +65 +66 +67 +69 +70 +71 +72 +73 +74 +75 +76 +77 +78 +79 +80 +81 +82 +83 +84 +85 +86 +87 +88 +89 +90 +91 +92 +93 +94 +95 +96 +97 +98 +99 +100 +101 +102 +103 +104 @
>CP000259
+1 +2 +3 +4 +5 +6 +7 +9 +10 +11 +12 +13 +14 +15 -83 -82 -81 -80 -79 -78 -77 -76 -75 -74 -73 -72 -71 -70 -69 -67 -66 -65 -64 -63 -62 -61 -60 -59 -58 -57 -56 -53 -52 -51 -50 -49 -48 -46 -45 -44 -43 -42 -41 -40 -39 -38 -37 -36 -35 -34 -33 -31 -30 -29 -27 -26 -25 -24 -23 -22 -21 -20 -19 -18 -17 +84 +85 +86 +87 +88 +89 +90 +91 +92 +93 +94 +95 +96 +97 +98 +99 +100 +101 +102 +103 +104 @
>AP014572
+1 +2 +3 +4 +5 +6 +7 +9 +10 +11 +12 +13 +14 +15 -83 -82 -81 -80 -79 -78 -77 -76 -75 -74 -73 -72 -71 -70 -69 -67 -66 -65 -64 -63 -62 -61 -60 -59 -58 -57 -56 -53 -52 -51 -50 -49 -48 -47 -46 -45 -44 -43 -42 -41 -40 -39 -38 -37 -36 -35 -34 -33 -31 -30 -29 -27 -26 -25 -24 -23 -22 -21 -20 -19 -18 -17 +84 +85 +86 +87 +88 +89 +90 +91 +92 +93 +94 +95 +96 +97 +98 +99 +100 +101 +102 +103 +104 @
>CP007537
+1 +2 +3 +4 +5 +6 +7 +9 +10 +11 +12 +13 +14 +15 +17 +18 +19 +20 +21 +22 +23 +24 +25 +26 +27 +29 +30 +31 +33 +34 +35 +36 +37 +38 +39 +40 +41 +42 +43 +44 +45 +46 +47 +48 +49 +50 +51 +52 +53 +56 +57 +58 +59 +60 +61 +62 +63 +64 +65 +66 +67 +69 +70 +71 +72 +73 +74 +75 +76 +77 +78 +79 +80 +81 +82 +83 +84 +85 +86 +87 +88 +89 +90 +91 +92 +93 +94 +95 +96 +97 +98 +99 +100 +101 +102 +103 +104 @
>CP008926
-48 -47 -46 -45 -44 -43 -42 -41 -40 -39 -38 -37 -36 -35 -34 -33 -31 -30 -29 -27 -26 -25 -24 -23 -22 -21 -20 -19 -18 -17 +84 +85 +86 +87 +88 +89 +90 +91 +92 +93 +94 +95 +96 +97 +98 +99 +100 +101 +102 +103 +104 +1 +2 +3 +4 +5 +6 +7 +9 +10 +11 +12 +13 +14 +15 -83 -82 -81 -80 -79 -78 -77 -76 -75 -74 -73 -72 -71 -70 -69 -67 -66 -65 -64 -63 -62 -61 -60 -59 -58 -57 -56 -53 -52 -51 -50 -49 @
>AP012491
+1 +2 +3 +4 +5 +6 +7 +9 +10 +11 +12 +13 +14 -90 -89 -88 -87 -86 -85 -84 -83 -82 -81 -80 -79 -78 -77 -76 -75 -74 -73 -72 -71 -70 -69 -67 -66 -65 -64 -63 -62 -61 -60 -59 -58 -57 -56 -53 -52 -51 -50 -49 -48 -47 -46 -45 -44 -43 -42 -41 -40 -39 -38 -37 -36 -35 -34 -33 -31 -30 -29 -27 -26 -25 -24 -23 -22 -21 -20 -19 -18 -17 -15 +91 +92 +93 +94 +95 +96 +97 +98 +99 +100 +101 +102 +103 +104 @
>AE014074
+1 +2 +3 +4 +5 +6 +7 +9 +10 +11 +12 +13 +14 +15 -83 -82 -81 -80 -79 -78 -77 -76 -75 -74 -73 -72 -71 -70 -69 -67 -66 -65 -64 -63 -62 -61 -60 -59 -58 -57 -56 -53 -52 -51 -50 -49 -48 -47 -46 -45 -44 -43 -42 -41 -40 -39 -38 -37 -36 -35 -34 -33 -31 -30 -29 -27 -26 -25 -24 -23 -22 -21 -20 -19 -18 -17 +84 +85 +86 +87 +88 +89 +90 +91 +92 +93 +94 +95 +96 +97 +98 +99 +100 +101 +102 +103 +104 @
>BA000034
+1 +2 +3 +4 +5 +6 +7 +9 +10 +11 +12 +13 +14 +15 +17 +18 +19 +20 +21 +22 +23 +24 +25 +26 +27 +29 +30 +31 +33 +34 +35 +36 +37 +38 +39 +40 +41 +42 -52 -51 -50 -49 -48 -47 -46 -45 -44 -43 +53 +56 +57 +58 +59 +60 +61 +62 +63 +64 +65 +66 +67 +69 +70 +71 +72 +73 +74 +75 +76 +77 +78 +79 +80 +81 +82 +83 +84 +85 +86 +87 +88 +89 +90 +91 +92 +93 +94 +95 +96 +97 +98 +99 +100 +101 +102 +103 +104 @
>CP003901
+1 +2 +3 +4 +5 +6 +7 +9 +10 +11 +12 +13 +14 +15 -83 -82 -81 -80 -79 -78 -77 -76 -75 -74 -73 -72 -71 -70 -69 -67 -66 -65 -64 -63 -62 -61 -60 -59 -58 -57 -56 -53 -52 -51 -50 -49 -48 -47 -46 -45 -44 -43 -42 -41 -40 -39 -38 -37 -36 -35 -34 -33 -31 -30 -29 -27 -26 -25 -24 -23 -22 -21 -20 -19 -18 -17 +84 +85 +86 +87 +88 +89 +90 +91 +92 +93 +94 +95 +96 +97 +98 +99 +100 +101 +102 +103 +104 @
>CP003116
+1 +2 +3 +4 +5 +6 +7 +9 +10 +11 +12 +13 +14 +15 -83 -82 -81 -80 -79 -78 -77 -76 -75 -74 -73 -72 -71 -70 -69 -67 -66 -65 -64 -63 -62 -61 -60 -59 -58 -57 -56 -53 -52 -51 -50 -49 -48 -47 -46 -45 -44 -43 -42 -41 -40 -39 -38 -37 -36 -35 -34 -33 -31 -30 -29 -27 -26 -25 -24 -23 -22 -21 -20 -19 -18 -17 +84 +85 +86 +87 +88 +89 +90 +91 +92 +93 +94 +95 +96 +97 +98 +99 +100 +101 +102 +103 +104 @
>CP012045
+1 +2 +3 +4 +5 +6 +7 +9 +10 +11 +12 +13 +14 -90 -89 -88 -87 -86 -85 -84 -83 -82 -81 -80 -79 -78 -77 -76 -75 -74 -73 -72 -71 -70 -69 -67 -66 -65 -64 -63 -62 -61 -60 -59 -58 -57 -56 -53 -52 -51 -50 -49 -48 -47 -46 -45 -44 -43 -42 -41 -40 -39 -38 -37 -36 -35 -34 -33 -31 -30 -29 -27 -26 -25 -24 -23 -22 -21 -20 -19 -18 -17 -15 +91 +92 +93 +94 +95 +96 +97 +98 +99 +100 +101 +102 +103 +104 @
>AP012335
+1 +2 +3 +4 +5 +6 +7 +9 +10 +11 +12 +13 +14 +15 -83 -82 -81 -80 -79 -78 -77 -76 -75 -74 -73 -72 -71 -70 -69 -67 -66 -65 -64 -63 -62 -61 -60 -59 -58 -57 -56 -53 -52 -51 +38 +39 +40 +41 +42 +43 +44 +45 +46 +47 +48 +49 +50 -37 -36 -35 -34 -33 -31 -30 -29 -27 -26 -25 -24 -23 -22 -21 -20 -19 -18 -17 +84 +85 +86 +87 +88 +89 +90 +91 +92 +93 +94 +95 +96 +97 +98 +99 +100 +101 +102 +103 +104 @
>CP014138
+1 +2 +3 +4 +5 +6 +7 +9 +10 +11 +12 +13 +14 +15 -83 -82 -81 -80 -79 -78 -77 -76 -75 -74 -73 -72 -71 -70 -69 -67 -66 -65 -64 -63 -62 -61 -60 -59 -58 -57 -56 -53 -52 -51 -50 -49 -48 -47 -46 -45 -44 -43 -42 -41 -40 -39 -38 -37 -36 -35 -34 -33 -31 -30 -29 -27 -26 -25 -24 -23 -22 -21 -20 -19 -18 -17 +84 +85 +86 +87 +88 +89 +90 +91 +92 +93 +94 +95 +96 +97 +98 +99 +100 +101 +103 +104 @
>CP008695
+1 +2 +3 +4 +5 +6 -70 -69 -67 -66 -65 -64 -63 -62 -61 -60 -59 -58 -57 -56 +33 +34 +35 +36 +37 +38 +39 +40 +41 +42 +43 +44 +45 +46 +47 +48 +49 +50 +51 +52 +53 -31 -30 -29 -27 -26 -25 -24 -23 -22 -21 -20 -19 -18 -17 -15 -14 -13 -12 -11 -10 -9 -7 +71 +72 +73 +74 +75 +76 +77 +78 +79 +80 +81 +82 +83 +84 +85 +86 +87 +88 +89 +90 +91 +92 +93 -103 -102 -101 -100 -99 -98 -97 -96 -95 -94 +104 @
>CP006366
+1 +2 +3 +4 +5 +6 +7 +9 +10 +11 +12 +13 +14 +15 -83 -82 -81 -80 -79 -78 -77 -76 -75 -74 -73 -72 -71 -70 -69 -67 -66 -65 -64 -63 -62 -61 -60 -59 -58 -57 -56 -53 -52 -51 -50 -49 -48 -47 -46 -45 -44 -43 -42 -41 -40 -39 -38 -37 -36 -35 -34 -33 -31 -30 -29 -27 -26 -25 -24 -23 -22 -21 -20 -19 -18 -17 +84 +85 +86 +87 +88 +89 +90 +91 +92 +93 +94 +95 +96 +97 +98 +99 +100 +101 +102 +103 +104 @
>CP007024
+1 +2 +3 +4 +5 +6 +7 +9 +10 +11 +12 +13 +14 +15 -83 -82 -81 -80 -79 -78 -77 -76 -75 -74 -73 -72 -71 -70 -69 -67 -66 -65 -64 -63 -62 -61 -60 -59 -58 -57 -56 -53 -52 -51 -50 -49 -48 -47 -46 -45 -44 -43 -42 -41 -40 -39 -38 -37 -36 -35 -34 -33 -31 -30 -29 -27 -26 -25 -24 -23 -22 -21 -20 -19 -18 -17 +84 +85 +86 +87 +88 +89 +90 +91 +92 +93 +94 +95 +96 +97 +98 +99 +100 +101 +102 +103 +104 @
>CP007560
+1 +2 +3 +4 +5 +6 +7 +9 +10 +11 +12 +13 +14 +15 -83 -82 -81 -80 -79 -78 -77 -76 -75 -74 -73 -72 -71 -70 -69 +33 +34 +35 +36 +37 +38 +39 +40 +41 +42 +43 +44 +45 +46 +47 +48 +49 +50 +51 +52 +53 +56 +57 +58 +59 +60 +61 +62 +63 +64 +65 +66 +67 -31 -30 -29 -27 -26 -25 -24 -23 -22 -21 -20 -19 -18 -17 +84 +85 +86 +87 +88 +89 +90 +91 +92 +93 +94 +95 +96 +97 +98 +99 +100 +101 +102 +103 +104 @
>CP009612
+1 +2 +3 +4 +5 +6 +7 +9 +10 +11 +12 +13 +14 +15 -83 -82 -81 -80 -79 -78 -77 -76 -75 -74 -73 -72 -71 -70 -69 -67 -66 -65 -64 -63 -62 -61 -60 -59 -58 -57 -56 -53 -52 -51 -50 -49 -48 -46 -45 -44 -43 -42 -41 -40 -39 -38 -37 -36 -35 -34 -33 -31 -30 -29 -27 -26 -25 -24 -23 -22 -21 -20 -19 -18 -17 +84 +85 +86 +87 +88 +89 +90 +91 +92 +93 +94 +95 +96 +97 +98 +99 +100 +101 +102 +103 +104 @
>CP011068
+1 +2 +3 +4 +5 +6 +7 +9 +10 +11 +12 +13 +14 +15 -83 -82 -81 -80 -79 -78 -77 -76 -75 -74 -73 -72 -71 -70 -69 -67 -66 -65 -64 -63 -62 -61 -60 -59 -58 -57 -56 -53 -52 -51 -50 -49 -48 -47 -46 -45 -44 -43 -42 -41 -40 -39 -38 -37 -36 -35 -34 -33 -31 -30 -29 -27 -26 -25 -24 -23 -22 -21 -20 -19 -18 -17 +84 +85 +86 +87 +88 +89 +90 +91 +92 +93 +94 +95 +96 +97 +98 +99 +100 +101 +102 +103 +104 @
>CP000017
+1 +2 +3 +4 +5 +6 +7 +9 +10 +11 +12 +13 +14 +15 -83 -82 -81 -80 -79 -78 -77 -76 -75 -74 -73 -72 -71 -70 -69 -67 -66 -65 -64 -63 -62 -61 -60 -59 -58 -57 -56 -53 -52 -51 -50 -49 -48 -47 -46 -45 -44 -43 -42 -41 -40 -39 -38 -37 -36 -35 -34 -33 -31 -30 -29 -27 -26 -25 -24 -23 -22 -21 -20 -19 -18 -17 +84 +85 +86 +87 +88 +89 +90 +91 +92 +93 +94 +95 +96 +97 +98 +99 +100 +101 +102 +103 +104 @
>CP013840
+1 +2 +3 +4 +5 +6 +7 +9 +10 +11 +12 +13 +14 +15 -83 -82 -81 -80 -79 -78 -77 -76 -75 -74 -73 -72 -71 -70 -69 -67 -66 -65 -64 -63 -62 -61 -60 -59 -58 -57 -56 -53 -52 -51 -50 -49 -48 -47 -46 -45 -44 -43 -42 -41 -40 -39 -38 -37 -36 -35 -34 -33 -31 -30 -29 -27 -26 -25 -24 -23 -22 -21 -20 -19 -18 -17 +84 +85 +86 +87 +88 +89 +90 +91 +92 +93 +94 +95 +96 +97 +98 +99 +100 +101 +103 +104 @
>CP007561
+1 +2 +3 +4 +5 +6 +7 +9 +10 +11 +12 +13 +14 +15 +17 +18 +19 +20 +21 +22 +23 +24 +25 +26 +27 +29 +30 +31 +33 +34 +35 +36 +37 +38 +39 +40 +41 +42 +43 +44 +45 +46 +47 +48 +49 +50 +51 +52 +53 +56 +57 +58 +59 +60 +61 +62 +63 +64 +65 +66 +67 +69 +70 +71 +72 +73 +74 +75 +76 +77 +78 +79 +80 +81 +82 +83 +84 +85 +86 +87 +88 +89 +90 +91 +92 +93 +94 +95 +96 +97 +98 +99 +100 +101 +102 +103 +104 @
>AFRY01000001
+1 +2 +3 +4 +5 +6 +7 +9 +10 +11 +12 -90 -89 -88 -87 -86 -85 -84 +17 +18 +19 +20 +21 +22 +23 +24 +25 +26 +27 +29 +30 +31 +33 +34 +35 +36 +37 +38 +39 +40 +41 +42 +43 +44 +45 +46 +48 +49 +50 +51 +52 +53 +56 +57 +58 +59 +60 +61 +62 +63 +64 +65 +66 +67 +69 +70 +71 +72 +73 +74 +75 +76 +77 +78 +79 +80 +81 +82 +83 -15 -14 -13 +91 +92 +93 +94 +95 +96 +97 +98 +99 +100 +101 +102 +103 +104 @
>CP011415
+1 +2 +3 +4 +5 +6 +7 +9 +10 +11 +12 +13 +14 +15 -83 -82 -81 -80 -79 -78 -77 -76 -75 -74 -73 -72 -71 -70 -69 -67 -66 -65 -64 -63 -62 -61 -60 -59 -58 -57 -56 -53 -52 -51 +38 +39 +40 +41 +42 +43 +44 +45 +46 +47 +48 +49 +50 -37 -36 -35 -34 -33 -31 -30 -29 -27 -26 -25 -24 -23 -22 -21 -20 -19 -18 -17 +84 +85 +86 +87 +88 +89 +90 +91 +92 +93 +94 +95 +96 +97 +98 +99 +100 +101 +102 +103 +104 @
>CP010450
+1 +2 +3 +4 +5 +6 +7 +9 +10 +11 +12 +13 +14 +15 -83 -82 -81 -80 -79 -78 -77 -76 -75 -74 -73 -72 -71 -70 -69 -67 -66 -65 -64 -63 -62 -61 -60 -59 -58 -57 -56 -53 -52 -51 -50 -49 -48 -47 -46 -45 -44 -43 -42 -41 -40 -39 -38 -37 -36 -35 -34 -33 -31 -30 -29 -27 -26 -25 -24 -23 -22 -21 -20 -19 -18 -17 +84 +85 +86 +87 +88 +89 +90 +91 +92 +93 +94 +95 +96 +97 +98 +99 +100 +101 +102 +103 +104 @
>AE004092
+1 +2 +3 +4 +5 +6 +7 +9 +10 +11 +12 +13 +14 +15 -83 -82 -81 -80 -79 -78 -77 -76 -75 -74 -73 -72 -71 -70 -69 -67 -66 -65 -64 -63 -62 -61 -60 -59 -58 -57 -56 -53 -52 -51 -50 -49 -48 -47 -46 -45 -44 -43 -42 -41 -40 -39 -38 -37 -36 -35 -34 -33 -31 -30 -29 -27 -26 -25 -24 -23 -22 -21 -20 -19 -18 -17 +84 +85 +86 +87 +88 +89 +90 +91 +92 +93 +94 +95 +96 +97 +98 +99 +100 +101 +102 +103 +104 @
>CP007240
+1 +2 +3 +4 +5 +6 +7 +9 +10 +11 +12 +13 +14 +15 -83 -82 -81 -80 -79 -78 -77 -76 -75 -74 -73 -72 -71 -70 -69 -67 -66 -65 -64 -63 -62 -61 -60 -59 -58 -57 -56 -53 -52 -51 -50 -49 -48 -47 -46 -45 -44 -43 -42 -41 -40 -39 -38 -37 -36 -35 -34 -33 -31 -30 -29 -27 -26 -25 -24 -23 -22 -21 -20 -19 -18 -17 +84 +85 +86 +87 +88 +89 +90 +91 +92 +93 +94 +95 +96 +97 +98 +99 +100 +101 +102 +103 +104 @
>CP000056
+1 +2 +3 +4 +5 +6 +7 +9 +10 +11 +12 +13 +14 +15 -83 -82 -81 -80 -79 -78 -77 -76 -75 -74 -73 -72 -71 -70 -69 -67 -66 -65 -64 -63 -62 -61 -60 -59 -58 -57 -56 -53 -52 -51 -50 -49 -48 -47 -46 -45 -44 -43 -42 -41 -40 -39 -38 -37 -36 -35 -34 -33 -31 -30 -29 -27 -26 -25 -24 -23 -22 -21 -20 -19 -18 -17 +84 +85 +86 +87 +88 +89 +90 +91 +92 +93 +94 +95 +96 +97 +98 +99 +100 +101 +102 +103 +104 @
>AP014585
+1 +2 +3 +4 +5 +6 +7 +9 +10 +11 +12 +13 +14 +15 -83 -82 -81 -80 -79 -78 -77 -76 -75 -74 -73 -72 -71 -70 -69 -67 -66 -65 -64 -63 -62 -61 -60 -59 -58 -57 -56 -53 -52 -51 -50 -49 -48 -47 -46 -45 -44 -43 -42 -41 -40 -39 -38 -37 -36 -35 -34 -33 -31 -30 -29 -27 -26 -25 -24 -23 -22 -21 -20 -19 -18 -17 +84 +85 +86 +87 +88 +89 +90 +91 +92 +93 +94 +95 +96 +97 +98 +99 +100 +101 +102 +103 +104 @
>CP000003
+1 +2 +3 +4 +5 +6 +7 +9 +10 +11 +12 +13 +14 +15 -83 -82 -81 -80 -79 -78 -77 -76 -75 -74 -73 -72 -71 -70 -69 -67 -66 -65 -64 -63 -62 -61 -60 -59 -58 -57 -56 -53 -52 -51 -50 -49 -48 -47 -46 -45 -43 -42 -41 -40 -39 -38 -37 -36 -35 -34 -33 -31 -30 -29 -27 -26 -25 -24 -23 -22 -21 -20 -19 -18 -17 +84 +85 +86 +87 +88 +89 +90 +91 +92 +93 +94 +95 +96 +97 +98 +99 +100 +101 +102 +103 +104 @
>CP014139
+1 +2 +3 +4 +5 +6 +7 +9 +10 +11 +12 +13 +14 +15 +17 +18 +19 +20 +21 +22 +23 +24 +25 +26 +27 +29 +30 +31 +33 +34 +35 +36 +37 +38 +39 +40 +41 +42 +43 +44 +45 +46 +47 +48 +49 +50 +51 +52 +53 +56 +57 +58 +59 +60 +61 +62 +63 +64 +65 +66 +67 +69 +70 +71 +72 +73 +74 +75 +76 +77 +78 +79 +80 +81 +82 +83 +84 +85 +86 +87 +88 +89 +90 +91 +92 +93 +94 +95 +96 +97 +98 +99 +100 +101 +102 +103 +104 @
>CP003121
+1 +2 +3 +4 +5 +6 +7 +9 +10 +11 +12 +13 +14 +15 -83 -82 -81 -80 -79 -78 -77 -76 -75 -74 -73 -72 -71 -70 -69 -67 -66 -65 -64 -63 -62 -61 -60 -59 -58 -57 -56 -53 -52 -51 -50 -49 -48 -47 -46 -45 -44 -43 -42 -41 -40 -39 -38 -37 -36 -35 -34 -33 -31 -30 -29 -27 -26 -25 -24 -23 -22 -21 -20 -19 -18 -17 +84 +85 +86 +87 +88 +89 +90 +91 +92 +93 +94 +95 +96 +97 +98 +99 +100 +101 +102 +103 +104 @
